#====================================================================
# Create at 2022/10/19 17:58:15
#====================================================================
< "fps":50 >
< "frame":48 >
< "rows":4 >
< "columns":6 >
#====================================================================
{
(16,10,15),(16,10,15),(16,10,15),(16,10,15),(16,10,15),(16,10,15),
(16,10,15),(16,10,15),(16,10,15),(16,10,15),(19,19,21),(37,50,46),
(110,38,0),(23,125,38),(0,61,161),(117,0,89),(142,89,0),(0,172,106),
(110,38,0),(0,143,2),(0,68,152),(110,0,80),(142,89,0),(0,172,106),
}
{
(16,10,15),(16,10,15),(16,10,15),(16,10,15),(16,10,15),(16,10,15),
(16,10,15),(37,38,26),(16,10,15),(16,10,15),(16,10,15),(16,10,15),
(204,78,0),(10,202,0),(0,85,151),(66,0,51),(78,60,40),(50,90,76),
(110,38,0),(0,143,2),(0,68,152),(110,0,80),(142,89,0),(0,172,106),
}
{
(16,10,15),(16,10,15),(16,10,15),(16,10,15),(16,10,15),(16,10,15),
(16,10,15),(16,10,15),(16,10,15),(16,10,15),(16,10,15),(16,10,15),
(172,68,0),(13,202,0),(0,92,198),(117,0,91),(118,68,0),(0,110,64),
(110,38,0),(0,143,2),(0,68,152),(110,0,80),(142,89,0),(0,172,106),
}
{
(16,10,15),(16,10,15),(16,10,15),(16,10,15),(16,10,15),(16,10,15),
(16,10,15),(16,10,15),(16,10,15),(16,10,15),(16,10,15),(16,10,15),
(110,38,0),(57,120,55),(0,56,120),(70,0,57),(78,60,40),(40,69,57),
(109,38,0),(0,143,2),(0,68,152),(110,0,80),(142,89,0),(0,172,106),
}
{
(16,10,15),(16,10,15),(16,10,15),(16,10,15),(16,10,15),(16,10,15),
(169,73,0),(37,38,26),(16,10,15),(16,10,15),(16,10,15),(16,10,15),
(204,78,0),(36,184,0),(0,61,106),(40,0,31),(42,27,27),(16,10,15),
(109,38,0),(0,143,2),(0,68,152),(110,0,80),(142,89,0),(0,172,106),
}
{
(16,10,15),(16,10,15),(16,10,15),(16,10,15),(16,10,15),(16,10,15),
(33,21,11),(16,10,15),(16,10,15),(16,10,15),(16,10,15),(16,10,15),
(204,78,0),(38,135,0),(0,31,69),(40,0,31),(57,50,39),(56,89,76),
(109,38,0),(0,143,2),(0,68,152),(110,0,80),(142,89,0),(0,172,106),
}
{
(16,10,15),(16,10,15),(16,10,15),(16,10,15),(16,10,15),(16,10,15),
(33,21,11),(16,10,15),(16,10,15),(16,10,15),(16,10,15),(16,10,15),
(204,78,0),(25,194,0),(0,81,149),(66,0,51),(79,60,41),(40,58,51),
(109,38,0),(0,143,2),(0,68,152),(111,0,81),(142,89,0),(0,172,106),
}
{
(16,10,15),(16,10,15),(16,10,15),(16,10,15),(16,10,15),(16,10,15),
(16,10,15),(16,10,15),(16,10,15),(16,10,15),(16,10,15),(16,10,15),
(157,57,0),(10,155,0),(0,84,188),(98,0,80),(110,67,0),(0,131,85),
(110,38,0),(0,143,2),(0,68,152),(110,0,80),(142,89,0),(0,172,106),
}
{
(16,10,15),(16,10,15),(16,10,15),(16,10,15),(16,10,15),(16,10,15),
(80,34,0),(37,38,26),(16,10,15),(16,10,15),(16,10,15),(16,10,15),
(204,78,0),(13,202,0),(0,100,188),(92,0,70),(109,59,0),(38,95,74),
(110,38,0),(0,143,2),(0,67,151),(110,0,80),(142,89,0),(0,172,106),
}
{
(16,10,15),(16,10,15),(16,10,15),(16,10,15),(16,10,15),(16,10,15),
(16,10,15),(16,10,15),(16,10,15),(16,10,15),(16,10,15),(16,10,15),
(204,78,0),(13,202,0),(0,82,154),(73,0,60),(75,50,34),(38,49,46),
(110,38,0),(0,143,2),(0,67,151),(110,0,80),(142,89,0),(0,172,106),
}
{
(16,10,15),(16,10,15),(16,10,15),(16,10,15),(16,10,15),(16,10,15),
(16,10,15),(16,10,15),(16,10,15),(16,10,15),(16,10,15),(16,10,15),
(176,73,0),(13,202,0),(0,77,161),(92,0,70),(110,64,0),(0,124,76),
(110,38,0),(0,143,2),(0,67,151),(110,0,80),(142,89,0),(0,172,106),
}
{
(16,10,15),(16,10,15),(16,10,15),(16,10,15),(16,10,15),(16,10,15),
(16,10,15),(16,10,15),(16,10,15),(16,10,15),(16,10,15),(16,10,15),
(128,55,0),(10,155,0),(0,68,152),(92,0,70),(110,64,0),(0,110,64),
(110,38,0),(0,143,2),(0,67,151),(110,0,80),(142,89,0),(0,172,106),
}
{
(16,10,15),(16,10,15),(16,10,15),(16,10,15),(16,10,15),(16,10,15),
(16,10,15),(16,10,15),(16,10,15),(16,10,15),(16,10,15),(16,10,15),
(109,38,0),(25,131,35),(0,67,151),(92,0,70),(106,53,0),(50,90,76),
(110,38,0),(0,143,2),(0,67,151),(110,0,80),(142,89,0),(0,172,106),
}
{
(95,49,0),(16,10,15),(16,10,15),(16,10,15),(16,10,15),(16,10,15),
(190,76,0),(74,145,0),(20,19,24),(16,10,15),(16,10,15),(16,10,15),
(204,78,0),(13,202,0),(0,100,188),(92,0,70),(110,64,0),(0,131,80),
(110,38,0),(0,143,2),(0,67,151),(110,0,80),(142,89,0),(0,172,106),
}
{
(16,10,15),(16,10,15),(16,10,15),(16,10,15),(16,10,15),(16,10,15),
(169,73,0),(58,67,29),(16,10,15),(16,10,15),(16,10,15),(16,10,15),
(204,78,0),(13,202,0),(0,100,188),(91,0,71),(141,89,0),(0,172,106),
(110,38,0),(0,143,2),(0,67,151),(110,0,80),(142,89,0),(0,172,106),
}
{
(16,10,15),(16,10,15),(16,10,15),(16,10,15),(16,10,15),(16,10,15),
(81,33,0),(37,38,26),(16,10,15),(16,10,15),(19,19,20),(37,50,47),
(204,78,0),(13,202,0),(0,92,198),(117,0,89),(142,89,0),(0,172,106),
(110,38,0),(0,143,2),(0,67,151),(110,0,80),(142,89,0),(0,172,106),
}
{
(16,10,15),(16,10,15),(16,10,15),(16,10,15),(16,10,15),(16,10,15),
(16,10,15),(16,10,15),(16,10,15),(16,10,15),(16,10,15),(32,31,36),
(183,76,0),(36,184,0),(0,68,152),(105,0,77),(142,89,0),(0,172,106),
(110,38,0),(0,143,2),(0,67,151),(110,0,80),(142,89,0),(0,172,106),
}
{
(16,10,15),(16,10,15),(16,10,15),(16,10,15),(16,10,15),(16,10,15),
(16,10,15),(16,10,15),(16,10,15),(16,10,15),(19,19,20),(37,50,46),
(176,73,0),(36,184,0),(0,73,177),(117,0,89),(142,89,0),(0,172,106),
(110,38,0),(0,143,2),(0,67,151),(110,0,80),(142,89,0),(0,172,106),
}
{
(16,10,15),(16,10,15),(16,10,15),(16,10,15),(16,10,15),(16,10,15),
(126,54,0),(16,10,15),(16,10,15),(16,10,15),(16,10,15),(16,10,15),
(204,78,0),(60,164,0),(0,31,69),(20,9,23),(16,10,15),(16,10,15),
(110,38,0),(0,143,2),(0,68,152),(110,0,80),(142,89,0),(0,172,106),
}
{
(34,21,11),(16,10,15),(16,10,15),(16,10,15),(16,10,15),(16,10,15),
(169,73,0),(67,96,0),(16,10,15),(16,10,15),(16,10,15),(16,10,15),
(204,78,0),(10,202,0),(0,77,161),(92,0,70),(104,48,0),(49,91,77),
(110,38,0),(0,143,2),(0,70,152),(110,0,80),(142,89,0),(0,172,106),
}
{
(16,10,15),(16,10,15),(16,10,15),(16,10,15),(16,10,15),(16,10,15),
(33,21,11),(16,10,15),(16,10,15),(16,10,15),(16,10,15),(16,10,15),
(204,78,0),(60,165,0),(0,45,106),(66,0,50),(73,58,43),(50,90,76),
(109,38,0),(0,143,2),(0,68,152),(110,0,80),(142,89,0),(0,172,106),
}
{
(16,9,15),(16,10,15),(16,10,15),(16,10,15),(16,10,15),(16,10,15),
(168,75,0),(58,67,29),(16,10,15),(16,10,15),(16,10,15),(16,10,15),
(202,80,0),(10,202,0),(0,77,161),(92,0,70),(110,64,0),(0,131,80),
(110,38,0),(0,143,2),(0,68,152),(110,0,80),(142,89,0),(0,172,106),
}
{
(16,9,15),(16,10,15),(16,10,15),(16,10,15),(16,10,15),(16,10,15),
(79,31,0),(16,10,15),(16,10,15),(16,10,15),(16,10,15),(16,10,15),
(202,80,0),(36,184,0),(0,70,151),(92,0,70),(113,87,16),(0,173,103),
(110,38,0),(0,143,2),(0,68,152),(110,0,80),(142,89,0),(0,172,106),
}
{
(16,10,15),(16,10,15),(16,10,15),(16,10,15),(16,10,15),(16,10,15),
(81,35,0),(66,106,61),(0,45,105),(66,0,51),(78,60,40),(50,91,76),
(204,78,0),(13,202,0),(0,91,197),(117,0,89),(142,89,0),(0,172,106),
(110,38,0),(0,143,2),(0,68,152),(111,0,81),(142,89,0),(0,172,106),
}
{
(16,10,15),(16,10,15),(16,10,15),(16,10,15),(16,10,15),(16,10,15),
(61,18,0),(45,57,44),(0,20,60),(21,8,23),(16,10,15),(16,10,15),
(204,78,0),(13,202,0),(0,92,198),(117,0,91),(142,89,0),(0,172,106),
(109,38,0),(0,143,2),(0,67,151),(111,0,81),(142,89,0),(0,172,106),
}
{
(16,10,15),(16,10,15),(16,10,15),(16,10,15),(16,10,15),(16,10,15),
(39,21,11),(45,57,44),(4,31,50),(16,10,15),(16,10,15),(16,10,15),
(204,78,0),(13,202,0),(0,91,197),(98,0,80),(107,51,0),(50,90,76),
(109,38,0),(0,143,2),(0,68,152),(111,0,81),(142,89,0),(0,172,106),
}
{
(16,10,15),(16,10,15),(16,10,15),(16,10,15),(16,10,15),(16,10,15),
(16,10,15),(16,10,15),(16,10,15),(16,10,15),(16,10,15),(16,10,15),
(204,78,0),(13,202,0),(0,100,188),(92,0,70),(78,60,40),(39,69,57),
(109,38,0),(0,143,2),(0,68,152),(111,0,81),(142,89,0),(0,172,106),
}
{
(16,10,15),(16,10,15),(16,10,15),(16,10,15),(16,10,15),(16,10,15),
(16,10,15),(16,10,15),(16,10,15),(15,10,15),(16,10,15),(16,10,15),
(204,78,0),(10,202,0),(0,77,161),(73,0,62),(75,50,35),(38,49,46),
(109,38,0),(0,143,2),(0,68,152),(111,0,81),(142,89,0),(0,172,106),
}
{
(16,10,15),(16,10,15),(16,10,15),(16,10,15),(16,10,15),(16,10,15),
(16,10,15),(16,10,15),(16,10,15),(15,10,15),(16,10,15),(16,10,15),
(204,78,0),(20,201,0),(0,83,151),(66,0,51),(46,36,31),(22,29,26),
(109,38,0),(0,143,2),(0,68,152),(111,0,81),(142,89,0),(0,172,106),
}
{
(16,10,15),(16,10,15),(16,10,15),(16,10,15),(16,10,15),(16,10,15),
(16,10,15),(16,10,15),(16,10,15),(16,10,15),(16,10,15),(16,10,15),
(110,36,0),(25,130,25),(0,61,105),(40,0,31),(16,10,15),(16,10,15),
(109,38,0),(0,143,2),(0,67,151),(111,0,81),(138,75,0),(0,131,80),
}
{
(16,10,15),(16,10,15),(16,10,15),(16,10,15),(16,10,15),(16,10,15),
(16,10,15),(16,10,15),(16,10,15),(16,10,15),(16,10,15),(16,10,15),
(80,34,0),(65,106,62),(0,42,121),(92,0,70),(110,67,0),(0,132,83),
(109,38,0),(0,143,2),(0,68,152),(110,0,80),(142,89,0),(0,172,106),
}
{
(16,10,15),(16,10,15),(16,10,15),(16,10,15),(16,10,15),(16,10,15),
(16,10,15),(16,10,15),(16,10,15),(16,10,15),(16,10,15),(16,10,15),
(62,16,0),(50,66,51),(0,37,97),(66,0,51),(78,60,40),(50,91,76),
(109,38,0),(0,143,2),(0,68,152),(110,0,80),(142,89,0),(0,172,106),
}
{
(16,10,15),(16,10,15),(16,10,15),(16,10,15),(16,10,15),(16,10,15),
(16,10,15),(16,10,15),(16,10,15),(16,10,15),(16,10,15),(16,10,15),
(110,38,0),(22,126,40),(0,68,152),(92,0,70),(78,60,40),(50,90,76),
(110,38,0),(0,143,2),(0,68,152),(110,0,80),(142,89,0),(0,172,106),
}
{
(16,10,15),(16,10,15),(16,10,15),(16,10,15),(16,10,15),(16,10,15),
(16,10,15),(16,10,15),(16,10,15),(16,10,15),(16,10,15),(16,10,15),
(97,35,0),(65,106,62),(0,45,106),(66,0,51),(75,50,34),(37,50,46),
(110,38,0),(0,143,2),(0,68,152),(110,0,80),(142,89,0),(0,172,106),
}
{
(16,10,15),(16,10,15),(16,10,15),(16,10,15),(16,10,15),(16,10,15),
(16,10,15),(16,10,15),(16,10,15),(16,10,15),(16,10,15),(16,10,15),
(156,57,0),(10,155,0),(0,75,142),(47,0,42),(16,10,15),(16,10,15),
(110,38,0),(0,143,2),(0,67,151),(110,0,80),(142,89,0),(0,172,106),
}
{
(16,10,15),(16,10,15),(16,10,15),(16,10,15),(16,10,15),(16,10,15),
(16,10,15),(16,10,15),(16,10,15),(16,10,15),(16,10,15),(16,10,15),
(62,16,0),(66,106,61),(0,45,106),(66,0,51),(78,60,40),(50,91,76),
(110,38,0),(0,143,2),(0,67,151),(111,0,81),(142,89,0),(0,172,106),
}
{
(16,10,15),(16,10,15),(16,10,15),(16,10,15),(16,10,15),(16,10,15),
(16,10,15),(16,10,15),(16,10,15),(16,10,15),(16,10,15),(16,10,15),
(109,38,0),(10,155,0),(0,68,152),(109,0,79),(141,91,0),(0,172,106),
(110,38,0),(0,143,2),(0,67,151),(111,0,81),(142,89,0),(0,172,106),
}
{
(16,10,15),(16,10,15),(16,10,15),(16,10,15),(16,10,15),(16,10,15),
(16,10,15),(16,10,15),(16,10,15),(16,10,15),(16,10,15),(16,10,15),
(110,38,0),(65,106,62),(0,45,106),(81,0,59),(83,57,30),(50,90,76),
(109,38,0),(0,143,2),(0,68,152),(110,0,80),(142,89,0),(0,172,106),
}
{
(16,10,15),(16,10,15),(16,10,15),(16,10,15),(16,10,15),(16,10,15),
(16,10,15),(16,10,15),(16,10,15),(16,10,15),(16,10,15),(16,10,15),
(193,77,0),(36,184,0),(0,68,152),(92,0,70),(110,64,0),(0,153,99),
(109,38,0),(0,143,2),(0,67,151),(110,0,80),(142,89,0),(0,172,106),
}
{
(16,10,15),(16,10,15),(16,10,15),(16,10,15),(16,10,15),(16,10,15),
(16,10,15),(16,10,15),(16,10,15),(16,10,15),(16,10,15),(16,10,15),
(109,38,0),(66,106,61),(0,49,92),(59,0,41),(78,60,40),(49,90,77),
(109,38,0),(0,143,2),(0,67,151),(110,0,80),(142,89,0),(0,172,106),
}
{
(16,10,15),(16,10,15),(16,10,15),(16,10,15),(16,10,15),(16,10,15),
(16,10,15),(16,10,15),(16,10,15),(16,10,15),(16,10,15),(16,10,15),
(62,16,0),(45,57,43),(0,20,60),(59,0,41),(78,60,40),(49,90,77),
(109,38,0),(0,143,2),(0,67,151),(110,0,80),(142,89,0),(0,172,106),
}
{
(16,10,15),(16,10,15),(16,10,15),(16,10,15),(16,10,15),(16,10,15),
(16,10,15),(16,10,15),(16,10,15),(16,10,15),(16,10,15),(16,10,15),
(62,16,0),(45,57,44),(0,20,60),(40,0,30),(46,36,31),(38,49,46),
(109,38,0),(0,143,2),(0,67,151),(110,0,80),(142,89,0),(0,172,106),
}
{
(16,10,15),(16,10,15),(16,10,15),(16,10,15),(16,10,15),(16,10,15),
(16,10,15),(16,10,15),(16,10,15),(16,10,15),(16,10,15),(16,10,15),
(62,16,0),(45,57,44),(0,20,60),(49,0,34),(46,36,30),(37,50,46),
(109,38,0),(0,143,2),(0,67,151),(110,0,80),(142,89,0),(0,172,106),
}
{
(16,10,15),(16,10,15),(16,10,15),(16,10,15),(16,10,15),(16,10,15),
(16,10,15),(16,10,15),(16,10,15),(16,10,15),(16,10,15),(16,10,15),
(63,16,0),(65,106,62),(0,45,106),(66,0,51),(78,60,40),(50,90,76),
(109,38,0),(0,143,2),(0,67,151),(110,0,80),(142,89,0),(0,172,106),
}
{
(16,10,15),(16,10,15),(16,10,15),(16,10,15),(16,10,15),(16,10,15),
(16,10,15),(16,10,15),(16,10,15),(16,10,15),(16,10,15),(16,10,15),
(62,16,0),(64,103,61),(0,45,106),(66,0,51),(78,60,40),(50,90,76),
(109,38,0),(0,143,2),(0,67,151),(110,0,80),(142,89,0),(0,172,106),
}
{
(16,10,15),(16,10,15),(16,10,15),(16,10,15),(16,10,15),(16,10,15),
(16,10,15),(16,10,15),(16,10,15),(16,10,15),(16,10,15),(16,10,15),
(157,57,0),(39,182,0),(0,63,105),(21,8,23),(16,10,15),(16,10,15),
(109,38,0),(0,143,2),(0,67,151),(110,0,80),(138,73,0),(0,131,80),
}
{
(16,10,15),(16,10,15),(16,10,15),(16,10,15),(16,10,15),(16,10,15),
(16,10,15),(16,10,15),(16,10,15),(16,10,15),(16,10,15),(16,10,15),
(128,55,0),(10,155,0),(0,67,151),(92,0,70),(121,84,0),(0,172,106),
(109,38,0),(0,143,2),(0,67,151),(110,0,80),(142,89,0),(0,172,106),
}
{
(16,10,15),(16,10,15),(16,10,15),(16,10,15),(16,10,15),(16,10,15),
(16,10,15),(16,10,15),(16,10,15),(16,10,15),(16,10,15),(16,10,15),
(109,38,0),(65,106,62),(0,52,96),(40,0,31),(16,10,15),(16,10,15),
(109,38,0),(0,143,2),(0,67,151),(110,0,80),(142,89,0),(0,151,85),
}
#====================================================================
