#====================================================================
# Create at 2022/10/19 17:38:04
#====================================================================
< "fps":50 >
< "frame":48 >
< "rows":4 >
< "columns":6 >
#====================================================================
{
(16,10,15),(16,10,15),(16,10,15),(16,10,15),(16,10,15),(16,10,15),
(16,10,15),(16,10,15),(16,10,15),(16,10,15),(16,10,15),(16,10,15),
(16,10,15),(16,10,15),(16,10,15),(16,10,15),(16,10,15),(16,10,15),
(110,38,0),(0,143,2),(0,67,151),(110,0,80),(110,64,0),(0,110,64),
}
{
(16,10,15),(16,10,15),(16,10,15),(16,10,15),(16,10,15),(16,10,15),
(16,10,15),(16,10,15),(16,10,15),(16,10,15),(16,10,15),(16,10,15),
(16,10,15),(16,10,15),(16,10,15),(16,10,15),(16,10,15),(16,10,15),
(62,16,0),(63,95,65),(0,45,105),(85,0,60),(110,67,0),(0,131,80),
}
{
(16,10,15),(16,10,15),(16,10,15),(16,10,15),(16,10,15),(16,10,15),
(16,10,15),(16,10,15),(16,10,15),(16,10,15),(16,10,15),(16,10,15),
(16,10,15),(16,10,15),(16,10,15),(16,10,15),(16,10,15),(16,10,15),
(62,16,0),(63,95,65),(0,45,105),(85,0,60),(110,64,0),(0,131,80),
}
{
(16,10,15),(16,10,15),(16,10,15),(16,10,15),(16,10,15),(16,10,15),
(16,10,15),(16,10,15),(16,10,15),(16,10,15),(16,10,15),(16,10,15),
(16,10,15),(16,10,15),(16,10,15),(16,10,15),(16,10,15),(16,10,15),
(110,38,0),(59,114,51),(0,45,105),(85,0,60),(110,64,0),(0,131,85),
}
{
(16,10,15),(16,10,15),(16,10,15),(16,10,15),(16,10,15),(16,10,15),
(16,10,15),(16,10,15),(16,10,15),(16,10,15),(16,10,15),(16,10,15),
(16,10,15),(16,10,15),(16,10,15),(16,9,15),(16,10,15),(16,10,15),
(110,38,0),(0,143,4),(0,70,152),(110,0,80),(137,84,0),(0,141,86),
}
{
(16,10,15),(16,10,15),(16,10,15),(16,10,15),(16,10,15),(16,10,15),
(16,10,15),(16,10,15),(16,10,15),(16,10,15),(16,10,15),(16,10,15),
(16,10,15),(16,10,15),(16,10,15),(16,10,15),(16,10,15),(16,10,15),
(110,38,0),(0,143,2),(0,68,152),(110,0,80),(110,67,0),(0,131,80),
}
{
(16,10,15),(16,10,15),(16,10,15),(16,10,15),(16,10,15),(16,10,15),
(16,10,15),(16,10,15),(16,10,15),(16,10,15),(16,10,15),(16,10,15),
(16,10,15),(16,10,15),(16,10,15),(16,9,15),(16,10,15),(16,10,15),
(109,38,0),(63,105,61),(0,45,106),(85,0,60),(110,67,0),(0,110,64),
}
{
(16,10,15),(16,10,15),(16,10,15),(16,10,15),(16,10,15),(16,10,15),
(16,10,15),(16,10,15),(16,10,15),(16,10,15),(16,10,15),(16,10,15),
(16,10,15),(16,10,15),(16,10,15),(16,9,15),(16,10,15),(16,10,15),
(110,38,0),(63,105,60),(0,45,106),(85,0,60),(104,50,0),(50,90,76),
}
{
(16,10,15),(16,10,15),(16,10,15),(16,10,15),(16,10,15),(16,10,15),
(16,10,15),(16,10,15),(16,10,15),(16,10,15),(16,10,15),(16,10,15),
(16,10,15),(16,10,15),(16,10,15),(16,9,15),(16,10,15),(16,10,15),
(110,38,0),(0,143,2),(0,75,142),(85,0,60),(78,60,40),(40,59,52),
}
{
(16,10,15),(16,10,15),(16,10,15),(16,10,15),(16,10,15),(16,10,15),
(16,10,15),(16,10,15),(16,10,15),(16,10,15),(16,10,15),(16,10,15),
(16,10,15),(16,10,15),(16,10,15),(16,10,15),(16,10,15),(16,10,15),
(109,38,0),(0,143,2),(0,62,124),(85,0,60),(106,53,0),(50,90,76),
}
{
(16,10,15),(16,10,15),(16,10,15),(16,10,15),(16,10,15),(16,10,15),
(16,10,15),(16,10,15),(16,10,15),(16,10,15),(16,10,15),(16,10,15),
(16,10,15),(16,10,15),(16,10,15),(16,10,15),(16,10,15),(16,10,15),
(109,38,0),(31,115,20),(0,45,106),(65,0,50),(75,48,34),(38,49,46),
}
{
(16,10,15),(16,10,15),(16,10,15),(16,10,15),(16,10,15),(16,10,15),
(16,10,15),(16,10,15),(16,10,15),(16,10,15),(16,10,15),(16,10,15),
(16,10,15),(16,10,15),(16,10,15),(16,10,15),(16,10,15),(16,10,15),
(109,38,0),(0,143,2),(0,68,152),(110,0,80),(140,81,0),(0,132,81),
}
{
(16,10,15),(16,10,15),(16,10,15),(16,10,15),(16,10,15),(16,10,15),
(16,10,15),(16,10,15),(16,10,15),(16,10,15),(16,10,15),(16,10,15),
(16,10,15),(16,10,15),(16,10,15),(16,10,15),(16,10,15),(16,10,15),
(109,38,0),(0,143,2),(0,70,151),(104,0,78),(110,64,0),(0,131,85),
}
{
(16,10,15),(16,10,15),(16,10,15),(16,10,15),(16,10,15),(16,10,15),
(16,10,15),(16,10,15),(16,10,15),(16,10,15),(16,10,15),(16,10,15),
(16,10,15),(16,10,15),(16,10,15),(16,10,15),(16,10,15),(16,10,15),
(109,38,0),(0,143,2),(0,68,152),(91,0,71),(110,64,0),(13,103,65),
}
{
(16,10,15),(16,10,15),(16,10,15),(16,10,15),(16,10,15),(16,10,15),
(16,10,15),(16,10,15),(16,10,15),(16,10,15),(16,10,15),(16,10,15),
(16,10,15),(16,10,15),(16,10,15),(16,10,15),(16,10,15),(16,10,15),
(109,38,0),(0,143,2),(0,68,152),(91,0,71),(107,49,0),(50,90,76),
}
{
(16,10,15),(16,10,15),(16,10,15),(16,10,15),(16,10,15),(16,10,15),
(16,10,15),(16,10,15),(16,10,15),(16,10,15),(16,10,15),(16,10,15),
(16,10,15),(16,10,15),(16,10,15),(16,10,15),(16,10,15),(16,10,15),
(109,38,0),(0,143,2),(0,75,142),(85,0,60),(78,60,40),(40,69,57),
}
{
(16,10,15),(16,10,15),(16,10,15),(16,10,15),(16,10,15),(16,10,15),
(16,10,15),(16,10,15),(16,10,15),(16,10,15),(16,10,15),(16,10,15),
(16,10,15),(16,10,15),(16,10,15),(16,10,15),(16,10,15),(16,10,15),
(110,38,0),(0,143,2),(0,75,142),(92,0,70),(78,60,40),(40,69,57),
}
{
(16,10,15),(16,10,15),(16,10,15),(16,10,15),(16,10,15),(16,10,15),
(16,10,15),(16,10,15),(16,10,15),(16,10,15),(16,10,15),(16,10,15),
(16,10,15),(16,10,15),(16,10,15),(16,10,15),(16,10,15),(16,10,15),
(110,38,0),(0,143,2),(0,64,129),(85,0,60),(78,60,40),(40,70,58),
}
{
(16,10,15),(16,10,15),(16,10,15),(16,10,15),(16,10,15),(16,10,15),
(16,10,15),(16,10,15),(16,10,15),(16,10,15),(16,10,15),(16,10,15),
(16,10,15),(16,10,15),(16,10,15),(16,10,15),(16,10,15),(16,10,15),
(110,38,0),(54,118,54),(0,45,106),(85,0,60),(93,49,8),(50,90,76),
}
{
(16,10,15),(16,10,15),(16,10,15),(16,10,15),(16,10,15),(16,10,15),
(16,10,15),(16,10,15),(16,10,15),(16,10,15),(16,10,15),(16,10,15),
(16,10,15),(16,10,15),(16,10,15),(16,10,15),(16,10,15),(16,10,15),
(62,16,0),(63,95,65),(0,50,97),(74,0,54),(78,60,40),(50,90,76),
}
{
(16,10,15),(16,10,15),(16,10,15),(16,10,15),(16,10,15),(16,10,15),
(16,10,15),(16,10,15),(16,10,15),(16,10,15),(16,10,15),(16,10,15),
(16,10,15),(16,10,15),(16,10,15),(16,10,15),(16,10,15),(16,10,15),
(71,16,0),(63,95,65),(0,45,105),(85,0,60),(110,64,0),(39,100,75),
}
{
(16,10,15),(16,10,15),(16,10,15),(16,10,15),(16,10,15),(16,10,15),
(16,10,15),(16,10,15),(16,10,15),(16,10,15),(16,10,15),(16,10,15),
(16,10,15),(16,10,15),(16,10,15),(16,10,15),(16,10,15),(16,10,15),
(109,38,0),(0,143,2),(0,76,143),(85,0,60),(110,66,0),(0,110,64),
}
{
(16,10,15),(16,10,15),(16,10,15),(16,10,15),(16,10,15),(16,10,15),
(16,10,15),(16,10,15),(16,10,15),(16,10,15),(16,10,15),(16,10,15),
(16,10,15),(16,10,15),(16,10,15),(15,10,15),(16,10,15),(16,10,15),
(109,38,0),(0,143,2),(0,67,151),(110,0,80),(110,64,0),(0,131,80),
}
{
(16,10,15),(16,10,15),(16,10,15),(16,10,15),(16,10,15),(16,10,15),
(16,10,15),(16,10,15),(16,10,15),(16,10,15),(16,10,15),(16,10,15),
(16,10,15),(16,10,15),(16,10,15),(16,10,15),(16,10,15),(16,10,15),
(110,38,0),(0,143,2),(0,73,143),(105,0,77),(110,64,0),(0,131,80),
}
{
(16,10,15),(16,10,15),(16,10,15),(16,10,15),(16,10,15),(16,10,15),
(16,10,15),(16,10,15),(16,10,15),(16,10,15),(16,10,15),(16,10,15),
(16,10,15),(16,10,14),(16,10,15),(16,10,15),(16,10,15),(16,10,15),
(109,38,0),(0,143,2),(0,67,151),(111,0,81),(137,73,0),(0,131,80),
}
{
(16,10,15),(16,10,15),(16,10,15),(16,10,15),(16,10,15),(16,10,15),
(16,10,15),(16,10,15),(16,10,15),(16,10,15),(16,10,15),(16,10,15),
(16,10,15),(16,10,15),(16,10,15),(16,10,15),(16,10,15),(16,10,15),
(110,36,0),(63,95,65),(0,45,105),(85,0,60),(89,60,31),(50,90,76),
}
{
(16,10,15),(16,10,15),(16,10,15),(16,10,15),(16,10,15),(16,10,15),
(16,10,15),(16,10,15),(16,10,15),(16,10,15),(16,10,15),(16,10,15),
(16,10,15),(16,10,15),(16,10,15),(16,10,15),(16,10,15),(16,10,15),
(110,38,0),(0,143,2),(0,67,151),(111,0,81),(110,64,0),(0,118,70),
}
{
(16,10,15),(16,10,15),(16,10,15),(16,10,15),(16,10,15),(16,10,15),
(16,10,15),(16,10,15),(16,10,15),(16,10,15),(16,10,15),(16,10,15),
(16,10,15),(16,10,15),(16,10,15),(16,10,15),(16,10,15),(16,10,15),
(109,36,0),(63,95,64),(0,45,105),(85,0,60),(106,51,0),(50,90,76),
}
{
(16,10,15),(16,10,15),(16,10,15),(16,10,15),(16,10,15),(16,10,15),
(16,10,15),(16,10,15),(16,10,15),(16,10,15),(16,10,15),(16,10,15),
(16,10,15),(16,10,15),(15,9,14),(16,10,15),(16,10,15),(16,10,15),
(110,38,0),(0,143,2),(0,53,115),(85,0,60),(104,46,0),(50,91,76),
}
{
(16,10,15),(16,10,15),(16,10,15),(16,10,15),(16,10,15),(16,10,15),
(16,10,15),(16,10,15),(16,10,15),(16,10,15),(16,10,15),(16,10,15),
(16,10,15),(16,10,15),(15,9,14),(16,10,15),(16,10,15),(16,10,15),
(109,36,0),(64,106,61),(0,45,106),(85,0,60),(91,49,8),(50,91,76),
}
{
(16,10,15),(16,10,15),(16,10,15),(16,10,15),(16,10,15),(16,10,15),
(16,10,15),(16,10,15),(16,10,15),(16,10,15),(16,10,15),(16,10,15),
(17,10,15),(23,19,20),(16,10,15),(16,10,15),(16,10,15),(16,10,15),
(109,38,0),(0,143,2),(0,75,142),(85,0,60),(99,49,0),(50,90,76),
}
{
(16,10,15),(16,10,15),(16,10,15),(16,10,15),(16,10,15),(16,10,15),
(16,10,15),(16,10,15),(16,10,15),(16,10,15),(16,10,15),(16,10,15),
(16,10,15),(16,10,14),(16,10,15),(16,10,15),(16,10,15),(16,10,15),
(109,38,0),(6,134,0),(0,55,114),(85,0,60),(88,60,32),(50,90,76),
}
{
(16,10,15),(16,10,15),(16,10,15),(16,10,15),(16,10,15),(16,10,15),
(16,10,15),(16,10,15),(16,10,15),(16,10,15),(16,10,15),(16,10,15),
(16,10,15),(16,10,14),(16,10,15),(16,10,15),(16,10,15),(16,10,15),
(109,38,0),(58,111,49),(0,45,105),(85,0,60),(99,49,0),(50,90,76),
}
{
(16,10,15),(16,10,15),(16,10,15),(16,10,15),(16,10,15),(16,10,15),
(16,10,15),(16,10,15),(16,10,15),(16,10,15),(16,10,15),(16,10,15),
(16,10,15),(16,10,14),(16,10,15),(16,10,15),(16,10,15),(16,10,15),
(74,16,0),(63,94,65),(0,45,105),(85,0,60),(78,60,40),(50,90,76),
}
{
(16,10,15),(16,10,15),(16,10,15),(16,10,15),(16,10,15),(16,10,15),
(16,10,15),(16,10,15),(16,10,15),(16,10,15),(16,10,15),(16,10,15),
(16,10,15),(16,10,15),(16,10,15),(16,10,15),(16,10,15),(16,10,15),
(110,38,0),(59,123,56),(0,47,105),(85,0,60),(110,67,0),(0,109,61),
}
{
(16,10,15),(16,10,15),(16,10,15),(16,10,15),(16,10,15),(16,10,15),
(16,10,15),(16,10,15),(16,10,15),(16,10,15),(16,10,15),(16,10,15),
(62,16,0),(45,57,44),(20,19,24),(16,10,15),(16,10,15),(16,10,15),
(110,38,0),(0,143,2),(0,67,151),(92,0,70),(110,62,0),(49,91,77),
}
{
(16,10,15),(16,10,15),(16,10,15),(16,10,15),(16,10,15),(16,10,15),
(16,10,15),(16,10,15),(16,10,15),(16,10,15),(16,10,15),(16,10,15),
(45,24,24),(16,10,15),(16,10,15),(16,10,15),(16,10,15),(16,10,15),
(110,38,0),(0,143,2),(0,67,151),(110,0,80),(110,67,0),(0,110,64),
}
{
(16,10,15),(16,10,15),(16,10,15),(16,10,15),(16,10,15),(16,10,15),
(16,10,15),(16,10,15),(16,10,15),(16,10,15),(16,10,15),(16,10,15),
(16,10,15),(16,10,15),(16,10,15),(16,10,15),(16,10,15),(16,10,15),
(110,38,0),(11,134,0),(0,53,115),(85,0,60),(106,53,0),(50,90,76),
}
{
(16,10,15),(16,10,15),(16,10,15),(16,10,15),(16,10,15),(16,10,15),
(16,10,15),(16,10,15),(16,10,15),(16,10,15),(16,10,15),(16,10,15),
(16,10,15),(16,10,15),(16,10,15),(16,10,15),(16,10,15),(16,10,15),
(109,38,0),(64,104,61),(0,45,105),(85,0,60),(87,59,32),(50,90,76),
}
{
(16,10,15),(16,10,15),(16,10,15),(16,10,15),(16,10,15),(16,10,15),
(16,10,15),(16,10,15),(16,10,15),(16,10,15),(16,10,15),(16,10,15),
(62,16,0),(45,57,43),(14,31,43),(15,10,15),(16,10,15),(16,10,15),
(109,38,0),(0,143,2),(0,67,151),(110,0,80),(110,67,0),(0,131,80),
}
{
(16,10,15),(16,10,15),(16,10,15),(16,10,15),(16,10,15),(16,10,15),
(16,10,15),(16,10,15),(16,10,15),(16,10,15),(16,10,15),(16,10,15),
(16,10,15),(16,10,15),(16,10,15),(15,10,15),(16,10,15),(16,10,15),
(109,38,0),(0,143,2),(0,75,142),(85,0,60),(110,67,0),(0,110,64),
}
{
(16,10,15),(16,10,15),(16,10,15),(16,10,15),(16,10,15),(16,10,15),
(16,10,15),(16,10,15),(16,10,15),(16,10,15),(16,10,15),(16,10,15),
(16,10,15),(16,10,15),(16,10,15),(15,10,15),(16,10,15),(16,10,15),
(109,38,0),(59,114,51),(0,45,105),(85,0,60),(111,62,0),(40,97,75),
}
{
(16,10,15),(16,10,15),(16,10,15),(16,10,15),(16,10,15),(16,10,15),
(16,10,15),(16,10,15),(16,10,15),(16,10,15),(16,10,15),(16,10,15),
(16,10,15),(16,10,15),(16,10,15),(15,10,15),(16,10,15),(16,10,15),
(110,38,0),(11,134,0),(0,55,114),(85,0,60),(110,66,0),(0,107,64),
}
{
(16,10,15),(16,10,15),(16,10,15),(16,10,15),(16,10,15),(16,10,15),
(16,10,15),(16,10,15),(16,10,15),(16,10,15),(16,10,15),(16,10,15),
(16,10,15),(16,10,15),(16,10,15),(33,6,22),(46,36,31),(37,50,46),
(109,38,0),(0,143,2),(0,68,152),(110,0,80),(142,89,0),(0,172,106),
}
{
(16,10,15),(16,10,15),(16,10,15),(16,10,15),(16,10,15),(16,10,15),
(16,10,15),(16,10,15),(16,10,15),(16,10,15),(16,10,15),(16,10,15),
(16,10,15),(16,10,15),(16,10,15),(16,10,15),(16,10,15),(16,10,15),
(110,38,0),(0,143,2),(0,68,152),(110,0,80),(142,89,0),(0,172,106),
}
{
(16,10,15),(16,10,15),(16,10,15),(16,10,15),(16,10,15),(16,10,15),
(16,10,15),(16,10,15),(16,10,15),(16,10,15),(16,10,15),(16,10,15),
(62,16,0),(45,57,43),(20,19,24),(15,10,15),(16,10,15),(16,10,15),
(109,38,0),(0,143,4),(0,68,152),(92,0,70),(106,53,0),(50,90,76),
}
{
(16,10,15),(16,10,15),(16,10,15),(16,10,15),(16,10,15),(16,10,15),
(16,10,15),(16,10,15),(16,10,15),(16,10,15),(16,10,15),(16,10,15),
(62,24,11),(31,30,23),(15,9,15),(15,10,14),(16,10,15),(16,10,15),
(109,38,0),(0,143,2),(0,67,151),(92,0,70),(110,64,0),(0,110,64),
}
{
(16,10,15),(16,10,15),(16,10,15),(16,10,15),(16,10,15),(16,10,15),
(16,10,15),(16,10,15),(16,10,15),(16,10,15),(16,10,15),(16,10,15),
(16,9,14),(15,10,15),(16,9,15),(15,10,14),(16,10,15),(16,10,15),
(109,38,0),(0,143,2),(0,74,145),(92,0,70),(110,64,0),(0,110,64),
}
#====================================================================
