#====================================================================
# Create at 2022/10/19 17:59:03
#====================================================================
< "fps":50 >
< "frame":48 >
< "rows":4 >
< "columns":6 >
#====================================================================
{
(16,10,15),(16,10,15),(16,10,15),(16,10,15),(16,10,15),(16,10,15),
(16,10,15),(16,10,15),(16,10,15),(16,10,15),(16,10,15),(16,10,15),
(157,57,0),(10,202,0),(0,98,185),(73,0,60),(46,36,31),(35,46,43),
(109,38,0),(0,144,4),(0,68,152),(111,0,81),(142,89,0),(0,172,106),
}
{
(16,10,15),(16,10,15),(16,10,15),(16,10,15),(16,10,15),(16,10,15),
(16,10,15),(16,10,15),(16,10,15),(16,10,15),(16,10,15),(16,10,15),
(196,78,0),(10,202,0),(0,91,197),(117,0,91),(110,66,0),(0,110,64),
(109,38,0),(0,143,4),(0,68,152),(111,0,81),(142,89,0),(0,172,106),
}
{
(16,10,15),(16,10,15),(16,10,15),(16,10,15),(16,10,15),(16,10,15),
(16,10,15),(16,10,15),(16,10,15),(16,10,15),(16,10,15),(16,10,15),
(62,16,0),(45,57,44),(0,30,76),(66,0,51),(60,44,36),(37,50,46),
(109,38,0),(0,143,2),(0,67,151),(110,0,80),(142,89,0),(0,172,106),
}
{
(16,10,15),(16,10,15),(16,10,15),(16,10,15),(16,10,15),(16,10,15),
(16,10,15),(16,10,15),(16,10,15),(16,10,15),(16,10,15),(16,10,15),
(90,36,0),(52,116,60),(0,67,150),(92,0,70),(110,67,0),(0,131,85),
(110,38,0),(0,143,2),(0,68,152),(110,0,80),(142,89,0),(0,172,106),
}
{
(16,10,15),(16,10,15),(16,10,15),(16,10,15),(16,10,15),(16,10,15),
(16,10,15),(16,10,15),(16,10,15),(16,10,15),(16,10,15),(16,10,15),
(204,78,0),(10,202,0),(0,91,197),(117,0,91),(106,54,0),(49,91,77),
(110,38,0),(0,143,2),(0,67,151),(110,0,80),(142,89,0),(0,172,106),
}
{
(16,10,15),(16,10,15),(16,10,15),(16,10,15),(16,10,15),(16,10,15),
(16,10,15),(16,10,15),(16,10,15),(16,10,15),(16,10,15),(16,10,15),
(157,57,0),(12,155,0),(0,70,151),(92,0,70),(107,51,0),(40,69,57),
(110,38,0),(0,143,2),(0,67,151),(110,0,80),(142,89,0),(0,172,106),
}
{
(16,10,15),(16,10,15),(16,10,15),(16,10,15),(16,10,15),(16,10,15),
(16,10,15),(16,10,15),(16,10,15),(16,10,15),(16,10,15),(16,10,15),
(157,57,0),(12,155,0),(0,67,151),(92,0,70),(105,50,0),(40,69,57),
(110,38,0),(0,143,2),(0,68,152),(110,0,80),(142,89,0),(0,172,106),
}
{
(16,10,15),(16,10,15),(16,10,15),(16,10,15),(16,10,15),(16,10,15),
(16,10,15),(16,10,15),(20,9,23),(40,0,32),(46,36,31),(37,50,46),
(157,57,0),(10,202,0),(0,91,197),(117,0,91),(142,89,0),(0,172,106),
(110,38,0),(0,143,2),(0,67,151),(110,0,80),(142,89,0),(0,172,106),
}
{
(16,10,15),(16,10,15),(16,10,15),(16,10,15),(16,10,15),(16,10,15),
(16,10,15),(16,10,15),(16,10,15),(16,10,15),(16,10,15),(16,10,15),
(110,38,0),(66,106,61),(0,45,106),(87,0,63),(92,50,8),(50,90,76),
(110,38,0),(0,143,2),(0,67,151),(110,0,80),(142,89,0),(0,172,106),
}
{
(16,10,15),(16,10,15),(16,10,15),(16,10,15),(16,10,15),(16,10,15),
(16,10,15),(16,10,15),(16,10,15),(16,10,15),(16,10,15),(16,10,15),
(129,55,0),(12,155,0),(0,84,188),(117,0,91),(142,89,0),(0,172,106),
(110,38,0),(0,143,2),(0,67,151),(110,0,80),(142,89,0),(0,172,106),
}
{
(16,10,15),(16,10,15),(16,10,15),(16,10,15),(16,10,15),(16,10,15),
(16,10,15),(16,10,15),(16,10,15),(16,10,15),(16,10,15),(16,10,15),
(110,38,0),(23,125,42),(0,68,152),(92,0,70),(110,67,0),(0,131,85),
(110,38,0),(0,143,2),(0,67,151),(110,0,80),(142,89,0),(0,172,106),
}
{
(16,10,15),(16,10,15),(16,10,15),(16,10,15),(16,10,15),(16,10,15),
(16,10,15),(16,10,15),(16,10,15),(16,10,15),(46,36,31),(53,69,66),
(110,38,0),(0,134,13),(0,61,161),(117,0,91),(142,89,0),(0,172,106),
(110,38,0),(0,143,2),(0,68,152),(110,0,80),(142,89,0),(0,172,106),
}
{
(16,10,15),(16,10,15),(16,10,15),(16,10,15),(16,10,15),(16,10,15),
(16,10,15),(45,58,43),(0,20,60),(40,0,32),(16,9,14),(16,10,15),
(204,78,0),(10,202,0),(0,92,198),(117,0,91),(141,91,0),(0,151,85),
(109,38,0),(0,143,2),(0,68,152),(110,0,80),(142,89,0),(0,172,106),
}
{
(16,10,15),(16,10,15),(16,10,15),(16,10,15),(16,10,15),(16,10,15),
(16,10,15),(16,10,15),(20,10,26),(40,0,32),(43,26,25),(16,10,15),
(177,73,0),(10,202,0),(0,91,197),(118,0,90),(141,91,0),(0,172,106),
(109,38,0),(0,143,2),(0,68,152),(110,0,80),(142,89,0),(0,172,106),
}
{
(16,10,15),(16,10,15),(16,10,15),(16,10,15),(16,10,15),(16,10,15),
(16,10,15),(16,10,15),(13,21,50),(40,0,31),(69,57,45),(40,69,58),
(157,57,0),(13,202,0),(0,92,198),(117,0,91),(142,89,0),(0,172,106),
(109,38,0),(0,143,2),(0,68,152),(110,0,80),(142,89,0),(0,172,106),
}
{
(16,10,15),(16,10,15),(16,10,15),(16,10,15),(16,10,15),(16,10,15),
(16,10,15),(16,10,15),(16,10,15),(16,10,15),(16,10,15),(16,10,15),
(109,38,0),(7,151,0),(0,68,152),(92,0,70),(108,70,0),(0,131,85),
(109,38,0),(0,143,2),(0,68,152),(110,0,80),(142,89,0),(0,172,106),
}
{
(16,10,15),(16,10,15),(16,10,15),(16,10,15),(16,10,15),(16,10,15),
(16,10,15),(16,10,15),(16,10,15),(16,10,15),(16,10,15),(16,10,15),
(204,78,0),(13,202,0),(0,77,161),(92,0,70),(110,66,0),(0,153,102),
(110,38,0),(0,143,2),(0,68,152),(110,0,80),(142,89,0),(0,172,106),
}
{
(16,10,15),(16,10,15),(16,10,15),(16,10,15),(16,10,15),(16,10,15),
(62,16,0),(45,57,44),(20,19,24),(16,10,15),(16,10,15),(16,10,15),
(204,78,0),(10,202,0),(0,92,198),(117,0,91),(142,89,0),(0,172,106),
(110,38,0),(0,143,2),(0,68,152),(110,0,80),(142,89,0),(0,172,106),
}
{
(16,10,15),(16,10,15),(16,10,15),(16,10,15),(16,10,15),(16,10,15),
(16,10,15),(16,10,15),(20,8,22),(40,0,30),(26,14,17),(16,10,15),
(178,74,0),(13,202,0),(0,91,197),(117,0,91),(142,89,0),(0,172,103),
(109,38,0),(0,143,2),(0,68,152),(110,0,80),(142,89,0),(0,172,106),
}
{
(16,10,15),(16,10,15),(16,10,15),(16,10,15),(16,10,15),(16,10,15),
(61,25,10),(45,58,43),(20,19,24),(16,10,15),(16,10,15),(16,10,15),
(204,78,0),(13,202,0),(0,100,188),(73,0,62),(75,48,34),(38,49,46),
(109,38,0),(0,143,2),(0,67,151),(110,0,80),(142,89,0),(0,172,106),
}
{
(16,10,15),(16,10,15),(16,10,15),(16,10,15),(16,10,15),(16,10,15),
(33,21,11),(42,52,37),(19,19,23),(16,10,15),(16,10,15),(16,10,15),
(202,80,0),(10,202,0),(0,84,163),(73,0,62),(46,36,31),(38,49,46),
(109,38,0),(0,143,2),(0,70,152),(110,0,80),(142,89,0),(0,172,106),
}
{
(16,10,15),(16,10,15),(16,10,15),(16,10,15),(16,10,15),(16,10,15),
(35,20,11),(45,57,43),(4,31,50),(16,10,15),(16,10,15),(16,10,15),
(204,78,0),(13,202,0),(0,91,197),(118,0,90),(110,64,0),(0,131,85),
(109,38,0),(0,143,2),(0,67,151),(110,0,80),(142,89,0),(0,172,106),
}
{
(16,10,15),(16,10,15),(16,10,15),(16,10,15),(16,10,15),(16,10,15),
(62,16,0),(45,57,44),(20,19,24),(16,10,15),(16,10,15),(16,10,15),
(204,78,0),(13,202,0),(0,91,197),(117,0,91),(110,64,0),(0,131,80),
(109,38,0),(0,143,2),(0,67,151),(110,0,80),(142,89,0),(0,172,106),
}
{
(16,10,15),(16,10,15),(16,10,15),(16,10,15),(16,10,15),(16,10,15),
(62,16,0),(45,57,44),(20,19,24),(16,10,15),(16,10,15),(16,10,15),
(204,78,0),(13,202,0),(0,91,197),(117,0,91),(110,64,0),(0,111,62),
(109,38,0),(0,143,2),(0,67,151),(110,0,80),(142,89,0),(0,172,106),
}
{
(16,10,15),(16,10,15),(16,10,15),(16,10,15),(16,10,15),(16,10,15),
(16,10,15),(16,10,15),(16,10,15),(16,10,15),(16,10,15),(16,10,15),
(204,78,0),(36,184,0),(0,67,151),(91,0,69),(78,60,40),(40,69,57),
(109,38,0),(0,143,2),(0,67,151),(110,0,80),(142,89,0),(0,172,106),
}
{
(16,10,15),(16,10,15),(16,10,15),(16,10,15),(16,10,15),(16,10,15),
(16,10,15),(16,10,15),(16,10,15),(16,10,15),(16,10,15),(16,10,15),
(157,57,0),(7,154,0),(0,67,151),(73,0,62),(75,48,34),(37,50,46),
(109,38,0),(0,143,2),(0,67,151),(110,0,80),(142,89,0),(0,172,106),
}
{
(16,10,15),(16,10,15),(16,10,15),(16,10,15),(16,10,15),(16,10,15),
(16,10,15),(37,38,25),(16,10,15),(16,10,15),(16,10,15),(16,10,15),
(204,78,0),(13,202,0),(0,85,151),(66,0,51),(46,36,31),(22,31,28),
(109,38,0),(0,143,2),(0,67,151),(111,0,81),(142,89,0),(0,172,106),
}
{
(16,10,15),(16,10,15),(16,10,15),(16,10,15),(16,10,15),(16,10,15),
(16,10,15),(45,57,44),(20,19,24),(16,10,15),(16,10,15),(16,10,15),
(204,78,0),(13,202,0),(0,92,198),(98,0,80),(107,51,0),(50,90,76),
(109,38,0),(0,143,2),(0,67,151),(111,0,81),(142,89,0),(0,172,106),
}
{
(16,10,15),(16,10,15),(16,10,15),(16,10,15),(16,10,15),(16,10,15),
(16,10,15),(25,30,33),(12,31,46),(16,10,15),(16,10,15),(16,10,15),
(189,78,0),(13,202,0),(0,91,197),(98,0,80),(107,51,0),(50,90,76),
(109,38,0),(0,143,2),(0,67,151),(111,0,81),(142,89,0),(0,172,106),
}
{
(16,10,15),(16,10,15),(16,10,15),(16,10,15),(16,10,15),(16,10,15),
(16,10,15),(25,29,33),(4,31,50),(16,10,15),(16,10,15),(16,10,15),
(198,79,0),(13,202,0),(0,91,197),(98,0,80),(110,64,0),(0,110,64),
(109,38,0),(0,143,2),(0,67,151),(111,0,81),(142,89,0),(0,172,106),
}
{
(16,10,15),(16,10,15),(16,10,15),(16,10,15),(16,10,15),(16,10,15),
(60,24,12),(45,57,44),(14,27,41),(16,10,15),(16,10,15),(16,10,15),
(204,78,0),(13,202,0),(0,91,197),(117,0,91),(110,64,0),(0,131,85),
(110,38,0),(0,143,2),(0,68,152),(110,0,80),(142,89,0),(0,172,106),
}
{
(16,10,15),(16,10,15),(16,10,15),(16,10,15),(16,10,15),(16,10,15),
(16,10,15),(16,10,15),(16,10,15),(16,10,15),(16,10,15),(16,10,15),
(157,57,0),(7,155,0),(0,75,142),(66,0,51),(78,60,40),(50,90,76),
(110,38,0),(0,143,2),(0,68,152),(110,0,80),(142,89,0),(0,172,106),
}
{
(16,10,15),(16,10,15),(16,10,15),(16,10,15),(16,10,15),(16,10,15),
(80,34,0),(37,38,26),(16,10,15),(16,10,15),(16,10,15),(16,10,15),
(204,78,0),(13,202,0),(0,100,188),(91,0,71),(110,67,0),(0,131,85),
(109,38,0),(0,143,2),(0,68,152),(110,0,80),(142,89,0),(0,172,106),
}
{
(16,10,15),(16,10,15),(16,10,15),(16,10,15),(16,10,15),(16,10,15),
(16,10,15),(16,10,15),(16,10,15),(16,10,15),(16,10,15),(16,10,15),
(176,73,0),(12,154,0),(0,55,115),(66,0,51),(78,60,40),(50,76,67),
(109,38,0),(0,143,2),(0,68,152),(110,0,80),(142,89,0),(0,172,106),
}
{
(16,10,15),(16,10,15),(16,10,15),(16,10,15),(16,10,15),(16,10,15),
(62,15,0),(45,57,44),(4,31,50),(15,10,15),(16,10,15),(16,10,15),
(204,78,0),(13,202,0),(0,91,197),(98,0,80),(106,51,0),(50,90,76),
(109,38,0),(0,143,2),(0,68,152),(111,0,81),(142,89,0),(0,172,106),
}
{
(16,10,15),(16,10,15),(16,10,15),(16,10,15),(16,10,15),(16,10,15),
(16,10,15),(16,10,15),(16,10,15),(15,10,15),(16,10,15),(16,10,15),
(157,57,0),(13,202,0),(0,83,151),(47,0,42),(16,10,15),(16,10,15),
(109,38,0),(0,143,2),(0,68,152),(111,0,81),(142,89,0),(0,151,88),
}
{
(16,10,15),(16,10,15),(16,10,15),(16,10,15),(16,10,15),(16,10,15),
(108,37,0),(24,125,39),(0,77,141),(47,0,42),(16,10,15),(16,10,15),
(204,78,0),(13,202,0),(0,91,197),(117,0,91),(142,89,0),(0,150,87),
(110,38,0),(0,143,2),(0,68,152),(111,0,81),(142,89,0),(0,172,106),
}
{
(16,10,15),(16,10,15),(16,10,15),(16,10,15),(16,10,15),(16,10,15),
(16,10,15),(16,10,15),(16,10,15),(16,10,15),(16,10,15),(16,10,15),
(204,78,0),(13,202,0),(0,100,188),(73,0,62),(46,35,31),(19,19,20),
(110,38,0),(0,143,2),(0,68,152),(111,0,81),(142,89,0),(0,172,106),
}
{
(16,10,15),(16,10,15),(16,10,15),(16,10,15),(16,10,15),(16,10,15),
(16,10,15),(16,10,15),(16,10,15),(16,10,15),(16,10,15),(16,10,15),
(157,57,0),(10,155,0),(0,68,152),(92,0,70),(110,67,0),(0,131,85),
(109,38,0),(0,143,2),(0,70,151),(111,0,81),(142,89,0),(0,172,106),
}
{
(16,10,15),(16,10,15),(16,10,15),(16,10,15),(16,10,15),(16,10,15),
(16,10,15),(25,28,32),(21,19,24),(16,10,15),(16,10,15),(16,10,15),
(204,78,0),(10,202,0),(0,92,198),(99,0,80),(75,54,36),(36,50,46),
(109,38,0),(0,143,2),(0,70,151),(111,0,81),(142,89,0),(0,172,106),
}
{
(16,10,15),(16,10,15),(16,10,15),(16,10,15),(16,10,15),(16,10,15),
(16,10,15),(16,10,15),(16,10,15),(16,10,15),(16,10,15),(16,10,15),
(155,59,0),(12,155,0),(0,70,152),(111,0,81),(142,89,0),(0,172,106),
(109,38,0),(0,143,2),(0,67,151),(111,0,81),(142,89,0),(0,172,106),
}
{
(16,10,15),(16,10,15),(16,10,15),(16,10,15),(16,10,15),(16,10,15),
(61,18,0),(65,84,51),(3,31,50),(16,10,15),(16,10,15),(16,10,15),
(204,78,0),(13,202,0),(0,92,198),(98,0,80),(89,59,31),(49,91,77),
(109,38,0),(0,143,2),(0,67,151),(111,0,81),(142,89,0),(0,172,106),
}
{
(16,10,15),(16,10,15),(16,10,15),(16,10,15),(16,10,15),(16,10,15),
(62,17,0),(45,58,44),(0,22,60),(21,8,23),(16,10,15),(16,10,15),
(204,78,0),(13,202,0),(0,91,197),(117,0,91),(136,74,0),(0,132,83),
(109,38,0),(0,143,2),(0,67,151),(110,0,80),(142,89,0),(0,172,106),
}
{
(16,10,15),(16,10,15),(16,10,15),(16,10,15),(16,10,15),(16,10,15),
(107,37,0),(38,135,0),(0,39,59),(16,10,15),(16,10,15),(16,10,15),
(205,78,0),(13,202,0),(0,92,198),(99,0,80),(103,51,0),(50,91,76),
(109,38,0),(0,143,2),(0,67,151),(111,0,81),(142,89,0),(0,172,106),
}
{
(16,10,15),(16,10,15),(16,10,15),(16,10,15),(16,10,15),(16,10,15),
(107,37,0),(65,106,62),(0,39,59),(16,10,15),(16,10,15),(16,10,15),
(205,78,0),(10,202,0),(0,92,198),(117,0,89),(114,81,0),(0,170,104),
(110,38,0),(0,143,2),(0,70,152),(111,0,81),(142,89,0),(0,172,106),
}
{
(16,10,15),(16,10,15),(16,10,15),(16,10,15),(16,10,15),(16,10,15),
(16,10,15),(25,29,33),(0,20,60),(22,8,23),(16,10,15),(16,10,15),
(204,78,0),(13,202,0),(0,91,197),(117,0,91),(141,91,0),(0,172,106),
(109,38,0),(0,143,2),(0,67,151),(110,0,80),(142,89,0),(0,172,106),
}
{
(16,10,15),(16,10,15),(16,10,15),(16,10,15),(16,10,15),(16,10,15),
(16,10,15),(16,10,15),(15,12,23),(20,9,22),(16,10,15),(16,10,15),
(204,78,0),(13,202,0),(0,92,198),(117,0,89),(138,73,0),(0,131,80),
(110,38,0),(0,143,2),(0,67,151),(110,0,80),(142,89,0),(0,172,106),
}
{
(16,10,15),(16,10,15),(16,10,15),(16,10,15),(16,10,15),(16,10,15),
(16,10,15),(16,10,15),(16,10,15),(16,10,15),(16,10,15),(16,10,15),
(157,57,0),(7,155,0),(0,75,142),(70,0,57),(46,36,31),(22,29,26),
(109,38,0),(0,143,2),(0,67,151),(110,0,80),(142,89,0),(0,172,106),
}
#====================================================================
