#====================================================================
# Create at 2022/10/19 17:56:02
#====================================================================
< "fps":50 >
< "frame":48 >
< "rows":4 >
< "columns":6 >
#====================================================================
{
(16,10,15),(16,10,15),(16,10,15),(16,10,15),(16,10,15),(16,10,15),
(16,10,15),(16,10,15),(16,10,15),(16,10,15),(16,10,15),(16,10,15),
(62,16,0),(49,66,52),(0,38,97),(66,0,51),(78,60,40),(50,90,76),
(110,38,0),(0,143,2),(0,67,151),(110,0,80),(142,89,0),(0,172,106),
}
{
(16,10,15),(16,10,15),(16,10,15),(16,10,15),(16,10,15),(16,10,15),
(16,10,15),(16,10,15),(16,10,15),(16,10,15),(16,10,15),(16,10,15),
(109,38,0),(66,106,61),(0,45,105),(66,0,51),(46,36,31),(38,49,46),
(110,38,0),(0,143,2),(0,67,151),(110,0,80),(142,89,0),(0,172,106),
}
{
(16,10,15),(16,10,15),(16,10,15),(16,10,15),(16,10,15),(16,10,15),
(16,10,15),(16,10,15),(16,10,15),(16,10,15),(16,10,15),(16,10,15),
(62,16,0),(45,57,44),(0,20,60),(40,0,31),(46,36,31),(23,27,26),
(110,38,0),(0,143,2),(0,67,151),(110,0,80),(142,89,0),(0,172,106),
}
{
(16,10,15),(16,10,15),(16,10,15),(16,10,15),(16,10,15),(16,10,15),
(16,10,15),(16,10,15),(16,10,15),(16,10,15),(16,10,15),(16,10,15),
(62,16,0),(45,57,44),(0,20,60),(40,0,31),(42,27,27),(16,10,15),
(110,38,0),(0,143,2),(0,67,151),(110,0,80),(142,89,0),(0,172,106),
}
{
(16,10,15),(16,10,15),(16,10,15),(16,10,15),(16,10,15),(16,10,15),
(16,10,15),(16,10,15),(16,10,15),(16,10,15),(16,10,15),(16,10,15),
(62,16,0),(45,57,44),(0,20,60),(40,0,31),(46,36,31),(22,29,26),
(110,38,0),(0,143,2),(0,67,151),(110,0,80),(142,89,0),(0,172,106),
}
{
(16,10,15),(16,10,15),(16,10,15),(16,10,15),(16,10,15),(16,10,15),
(16,10,15),(16,10,15),(16,10,15),(16,10,15),(16,10,15),(16,10,15),
(62,16,0),(45,57,44),(0,20,60),(40,0,31),(46,36,31),(37,50,46),
(109,38,0),(0,143,2),(0,67,151),(111,0,81),(142,89,0),(0,172,106),
}
{
(16,10,15),(16,10,15),(16,10,15),(16,10,15),(16,10,15),(16,10,15),
(16,10,15),(16,10,15),(16,10,15),(16,10,15),(16,10,15),(16,10,15),
(34,21,11),(45,57,44),(0,20,60),(40,0,31),(46,36,31),(22,29,27),
(110,38,0),(0,143,2),(0,67,151),(111,0,81),(142,89,0),(0,172,106),
}
{
(16,10,15),(16,10,15),(16,10,15),(16,10,15),(16,10,15),(16,10,15),
(16,10,15),(16,10,15),(16,10,15),(16,10,15),(16,10,15),(16,10,15),
(34,21,11),(45,57,43),(0,20,60),(40,0,31),(46,36,31),(37,50,46),
(110,38,0),(0,143,2),(0,67,151),(111,0,81),(142,89,0),(0,172,106),
}
{
(16,10,15),(16,10,15),(16,10,15),(16,10,15),(16,10,15),(16,10,15),
(16,10,15),(16,10,15),(16,10,15),(16,10,15),(16,10,15),(16,10,15),
(62,16,0),(45,57,44),(0,20,60),(40,0,31),(46,36,31),(37,50,46),
(110,38,0),(0,143,2),(0,67,151),(111,0,81),(142,89,0),(0,172,106),
}
{
(16,10,15),(16,10,15),(16,10,15),(16,10,15),(16,10,15),(16,10,15),
(16,10,15),(16,10,15),(16,10,15),(16,10,15),(16,10,15),(16,10,15),
(175,75,0),(62,87,46),(18,28,40),(36,3,25),(44,35,31),(38,49,46),
(109,38,0),(0,143,2),(0,67,151),(110,0,80),(142,89,0),(0,172,106),
}
{
(16,10,15),(16,10,15),(16,10,15),(16,10,15),(16,10,15),(16,10,15),
(16,10,15),(16,10,15),(16,10,15),(16,10,15),(16,10,15),(16,10,15),
(88,35,0),(37,38,26),(16,10,15),(16,10,15),(16,10,15),(16,10,15),
(109,38,0),(0,143,2),(0,67,151),(110,0,80),(132,81,0),(0,132,81),
}
{
(16,10,15),(16,10,15),(16,10,15),(16,10,15),(16,10,15),(16,10,15),
(16,10,15),(16,10,15),(16,10,15),(16,10,15),(16,10,15),(16,10,15),
(176,73,0),(36,135,0),(0,31,69),(21,8,23),(16,10,15),(16,10,15),
(109,38,0),(0,143,2),(0,67,151),(110,0,80),(138,73,0),(0,131,80),
}
{
(16,10,15),(16,10,15),(16,10,15),(16,10,15),(16,10,15),(16,10,15),
(16,10,15),(16,10,14),(16,10,15),(16,10,15),(16,10,15),(16,10,15),
(62,16,0),(45,57,44),(9,26,59),(40,0,31),(51,46,37),(50,90,76),
(110,38,0),(0,143,2),(0,68,152),(110,0,80),(142,89,0),(0,172,106),
}
{
(16,10,15),(16,10,15),(16,10,15),(16,10,15),(16,10,15),(16,10,15),
(16,10,15),(16,10,15),(16,10,15),(16,10,15),(16,10,15),(16,10,15),
(16,10,15),(16,10,15),(16,9,15),(40,0,31),(46,36,31),(54,71,68),
(110,38,0),(0,143,2),(0,68,152),(110,0,80),(142,89,0),(0,172,106),
}
{
(16,10,15),(16,10,15),(16,10,15),(16,10,15),(16,10,15),(16,10,15),
(16,10,15),(16,10,15),(16,10,15),(16,10,15),(16,10,15),(16,10,15),
(81,35,0),(65,106,62),(0,45,106),(69,0,52),(109,69,0),(0,131,85),
(109,38,0),(0,143,2),(0,68,152),(111,0,81),(142,89,0),(0,172,106),
}
{
(16,10,15),(16,10,15),(16,10,15),(16,10,15),(16,10,15),(16,10,15),
(16,10,15),(16,10,15),(16,10,15),(16,10,15),(16,10,15),(16,10,15),
(62,16,0),(50,66,52),(0,35,77),(40,0,31),(46,36,31),(38,49,46),
(110,38,0),(0,143,2),(0,68,152),(110,0,80),(142,89,0),(0,172,106),
}
{
(16,10,15),(16,10,15),(16,10,15),(16,10,15),(16,10,15),(16,10,15),
(16,10,15),(16,10,15),(16,10,15),(16,10,15),(16,10,15),(16,10,15),
(49,25,13),(45,57,44),(0,20,60),(40,0,31),(46,36,31),(38,49,46),
(110,38,0),(0,143,2),(0,68,152),(110,0,80),(142,89,0),(0,172,106),
}
{
(16,10,15),(16,10,15),(16,10,15),(16,10,15),(16,10,15),(16,10,15),
(16,10,15),(16,10,15),(16,10,15),(16,10,15),(16,10,15),(16,10,15),
(67,18,0),(65,106,62),(0,45,106),(66,0,51),(78,60,40),(50,90,76),
(110,38,0),(0,143,2),(0,68,152),(110,0,80),(142,89,0),(0,172,106),
}
{
(16,10,15),(16,10,15),(16,10,15),(16,10,15),(16,10,15),(16,10,15),
(16,10,15),(16,10,15),(16,10,15),(16,10,15),(16,10,15),(16,10,15),
(62,16,0),(45,57,43),(0,20,60),(40,0,31),(46,36,31),(38,49,46),
(110,38,0),(0,143,2),(0,68,152),(110,0,80),(142,89,0),(0,172,106),
}
{
(16,10,15),(16,10,15),(16,10,15),(16,10,15),(16,10,15),(16,10,15),
(16,10,15),(16,10,15),(16,10,15),(16,10,15),(16,10,15),(16,10,15),
(16,10,15),(32,36,34),(0,20,60),(40,0,31),(46,36,31),(22,29,27),
(110,38,0),(0,143,2),(0,68,152),(111,0,81),(142,89,0),(0,172,106),
}
{
(16,10,15),(16,10,15),(16,10,15),(16,10,15),(16,10,15),(16,10,15),
(16,10,15),(16,10,15),(16,10,15),(16,10,15),(16,10,15),(16,10,15),
(16,10,15),(16,10,15),(15,10,15),(16,10,15),(16,10,15),(16,10,15),
(110,38,0),(0,143,2),(0,67,151),(110,0,80),(142,89,0),(0,172,106),
}
{
(16,10,15),(16,10,15),(16,10,15),(16,10,15),(16,10,15),(16,10,15),
(16,10,15),(16,10,15),(16,10,15),(16,10,15),(16,10,15),(16,10,15),
(16,10,15),(16,10,15),(15,10,15),(16,10,15),(16,10,15),(16,10,15),
(110,38,0),(0,142,2),(0,64,128),(85,0,60),(110,64,0),(0,131,80),
}
{
(16,10,15),(16,10,15),(16,10,15),(16,10,15),(16,10,15),(16,10,15),
(16,10,15),(16,10,15),(16,10,15),(16,10,15),(16,10,15),(16,10,15),
(16,10,15),(16,10,15),(15,10,15),(16,10,15),(16,10,15),(16,10,15),
(62,16,0),(63,94,65),(0,45,106),(85,0,60),(109,65,0),(39,99,78),
}
{
(16,10,15),(16,10,15),(16,10,15),(16,10,15),(16,10,15),(16,10,15),
(16,10,14),(16,10,15),(16,10,15),(16,10,15),(16,10,15),(16,10,15),
(24,15,15),(16,10,15),(16,10,14),(34,5,24),(46,36,31),(37,50,46),
(109,38,0),(0,143,2),(0,68,152),(110,0,80),(142,89,0),(0,172,106),
}
{
(16,10,15),(16,10,15),(16,10,15),(16,10,15),(16,10,15),(16,10,15),
(16,10,14),(16,10,15),(16,10,15),(16,10,15),(16,10,15),(16,10,15),
(16,10,15),(18,15,20),(16,20,44),(40,0,31),(46,36,31),(38,49,46),
(109,38,0),(0,143,2),(0,68,152),(110,0,80),(142,89,0),(0,172,106),
}
{
(16,10,15),(16,10,15),(16,10,15),(16,10,15),(16,10,15),(16,10,15),
(16,10,15),(16,10,15),(16,10,15),(16,10,15),(16,10,15),(16,10,15),
(62,16,0),(51,74,58),(0,50,101),(47,0,42),(46,36,31),(38,49,46),
(110,38,0),(0,143,2),(0,67,151),(110,0,80),(142,89,0),(0,172,106),
}
{
(16,10,15),(16,10,15),(16,10,15),(16,10,15),(16,10,15),(16,10,15),
(16,10,15),(16,10,15),(16,10,15),(16,10,15),(16,10,15),(16,10,15),
(62,16,0),(45,56,43),(20,20,25),(16,10,15),(16,10,15),(16,10,15),
(109,38,0),(0,143,2),(0,70,151),(111,0,81),(114,66,0),(0,121,72),
}
{
(16,10,15),(16,10,15),(16,10,15),(16,10,15),(16,10,15),(16,10,15),
(16,10,15),(16,10,15),(16,10,15),(16,10,15),(16,10,15),(16,10,15),
(33,21,11),(45,57,43),(0,20,60),(40,0,31),(46,36,31),(37,50,46),
(109,38,0),(0,143,2),(0,68,152),(110,0,80),(142,89,0),(0,172,106),
}
{
(16,10,15),(16,10,15),(16,10,15),(16,10,15),(16,10,15),(16,10,15),
(16,10,15),(16,10,15),(16,10,15),(16,10,15),(16,10,15),(16,10,15),
(33,21,15),(45,57,45),(0,20,60),(40,0,31),(46,36,31),(37,50,46),
(109,38,0),(0,143,2),(0,68,152),(110,0,80),(142,89,0),(0,172,106),
}
{
(16,10,15),(16,10,15),(16,10,15),(16,10,15),(16,10,15),(16,10,15),
(16,10,15),(16,10,15),(16,10,15),(16,10,15),(16,10,15),(16,10,15),
(16,10,15),(16,10,15),(16,10,15),(16,10,15),(15,10,15),(16,10,15),
(109,38,0),(0,143,2),(0,68,152),(110,0,80),(142,89,0),(0,172,106),
}
{
(16,10,15),(16,10,15),(16,10,15),(16,10,15),(16,10,15),(16,10,15),
(16,10,15),(16,10,15),(16,10,15),(16,10,15),(16,10,15),(16,10,15),
(62,16,0),(45,57,44),(0,20,60),(40,0,30),(44,29,27),(16,10,15),
(110,38,0),(0,143,2),(0,68,152),(110,0,80),(141,91,0),(0,172,106),
}
{
(16,10,15),(16,10,15),(16,10,15),(16,10,15),(16,10,15),(16,10,15),
(16,10,15),(16,10,15),(16,10,15),(16,10,15),(16,10,15),(16,10,15),
(62,16,0),(56,86,61),(0,49,93),(40,0,30),(46,36,31),(23,28,26),
(110,38,0),(0,143,2),(0,68,152),(110,0,80),(141,91,0),(0,172,106),
}
{
(16,10,15),(16,10,15),(16,10,15),(16,10,15),(16,10,15),(16,10,15),
(16,10,15),(16,10,15),(16,10,15),(16,10,15),(16,10,15),(16,10,15),
(16,10,15),(16,10,15),(16,10,15),(16,10,15),(16,10,15),(16,10,15),
(110,38,0),(0,143,2),(0,68,152),(111,0,81),(110,64,0),(0,131,85),
}
{
(16,10,15),(16,10,15),(16,10,15),(16,10,15),(16,10,15),(16,10,15),
(16,10,15),(16,10,15),(16,10,15),(16,10,15),(16,10,15),(16,10,15),
(62,16,0),(45,57,44),(0,20,60),(40,0,31),(19,11,16),(16,10,15),
(110,38,0),(0,143,2),(0,68,152),(110,0,80),(141,91,0),(0,172,106),
}
{
(16,10,15),(16,10,15),(16,10,15),(16,10,15),(16,10,15),(16,10,15),
(16,10,15),(16,10,15),(16,10,15),(16,10,15),(16,10,15),(16,10,15),
(16,10,15),(16,10,15),(16,10,14),(26,8,18),(46,36,31),(46,59,56),
(108,36,0),(0,143,2),(0,68,152),(111,0,81),(142,89,0),(0,172,106),
}
{
(16,10,15),(16,10,15),(16,10,15),(16,10,15),(16,10,15),(16,10,15),
(16,10,15),(16,10,15),(16,10,15),(16,10,15),(16,10,15),(16,10,15),
(16,10,15),(16,10,15),(16,10,14),(16,10,15),(45,35,31),(37,50,46),
(91,36,0),(0,143,4),(0,68,152),(111,0,81),(142,89,0),(0,172,106),
}
{
(16,10,15),(16,10,15),(16,10,15),(16,10,15),(16,10,15),(16,10,15),
(16,10,15),(16,10,15),(16,10,15),(16,10,15),(16,10,15),(16,10,15),
(16,10,15),(16,10,15),(16,10,14),(16,10,15),(46,36,31),(37,50,46),
(91,36,0),(0,143,4),(0,68,152),(111,0,81),(142,89,0),(0,172,106),
}
{
(16,10,15),(16,10,15),(16,10,15),(16,10,15),(16,10,15),(16,10,15),
(16,10,15),(16,10,15),(16,10,15),(16,10,15),(16,10,15),(16,10,15),
(16,10,15),(16,10,15),(16,10,14),(18,9,15),(46,36,31),(37,50,46),
(100,35,0),(0,143,2),(0,68,152),(111,0,81),(142,89,0),(0,172,106),
}
{
(16,10,15),(16,10,15),(16,10,15),(16,10,15),(16,10,15),(16,10,15),
(16,10,15),(16,10,15),(16,10,15),(16,10,15),(16,10,15),(16,10,15),
(16,10,15),(16,10,15),(16,10,14),(16,10,15),(46,36,31),(37,50,46),
(103,34,0),(0,143,2),(0,68,152),(111,0,81),(142,89,0),(0,172,106),
}
{
(16,10,15),(16,10,15),(16,10,15),(16,10,15),(16,10,15),(16,10,15),
(16,10,15),(16,10,15),(16,10,15),(16,10,15),(16,10,15),(16,10,15),
(16,10,15),(16,10,15),(16,10,15),(16,10,15),(19,19,21),(38,46,45),
(110,38,0),(0,143,2),(0,68,152),(111,0,81),(142,89,0),(0,172,106),
}
{
(16,10,15),(16,10,15),(16,10,15),(16,10,15),(16,10,15),(16,10,15),
(16,10,15),(16,10,15),(16,10,15),(16,10,15),(16,10,15),(16,10,15),
(109,38,0),(65,106,62),(0,39,59),(16,10,15),(16,10,15),(16,10,15),
(109,38,0),(0,143,2),(0,70,152),(92,0,70),(96,52,9),(50,90,76),
}
{
(16,10,15),(16,10,15),(16,10,15),(16,10,15),(16,10,15),(16,10,15),
(16,10,15),(16,10,15),(16,10,15),(16,10,15),(16,10,15),(16,10,15),
(81,35,0),(66,106,61),(0,45,106),(66,0,51),(73,49,35),(37,50,46),
(109,38,0),(0,143,2),(0,67,151),(110,0,80),(142,89,0),(0,172,106),
}
{
(16,10,15),(16,10,15),(16,10,15),(16,10,15),(16,10,15),(16,10,15),
(16,10,15),(16,10,15),(16,10,15),(16,10,15),(16,10,15),(16,10,15),
(62,16,0),(53,76,61),(0,45,106),(66,0,51),(78,60,40),(49,91,75),
(110,38,0),(0,143,2),(0,67,151),(110,0,80),(142,89,0),(0,172,106),
}
{
(16,10,15),(16,10,15),(16,10,15),(16,10,15),(16,10,15),(16,10,15),
(16,10,15),(16,10,15),(16,10,15),(16,10,15),(16,10,15),(16,10,15),
(16,10,15),(16,10,15),(15,10,15),(16,9,15),(16,10,15),(16,10,15),
(110,38,0),(0,143,2),(0,70,151),(110,0,80),(142,89,0),(0,172,106),
}
{
(16,10,15),(16,10,15),(16,10,15),(16,10,15),(16,10,15),(16,10,15),
(16,10,15),(16,10,15),(16,10,15),(16,10,15),(16,10,15),(16,10,15),
(62,16,0),(45,57,44),(0,20,60),(40,0,31),(43,26,25),(16,10,15),
(109,38,0),(0,143,2),(0,67,151),(110,0,80),(142,89,0),(0,172,106),
}
{
(16,10,15),(16,10,15),(16,10,15),(16,10,15),(16,10,15),(16,10,15),
(16,10,15),(16,10,15),(16,10,15),(16,10,15),(16,10,15),(16,10,15),
(62,16,0),(69,103,69),(0,45,106),(66,0,51),(78,60,40),(50,91,76),
(110,38,0),(0,143,2),(0,67,151),(110,0,80),(142,89,0),(0,172,106),
}
{
(16,10,15),(16,10,15),(16,10,15),(16,10,15),(16,10,15),(16,10,15),
(16,10,15),(16,10,15),(16,10,15),(16,10,15),(16,10,15),(16,10,15),
(16,9,14),(29,32,31),(0,20,60),(40,0,31),(46,36,31),(38,49,46),
(110,38,0),(0,143,2),(0,67,151),(110,0,80),(142,89,0),(0,172,106),
}
{
(16,10,15),(16,10,15),(16,10,15),(16,10,15),(16,10,15),(16,10,15),
(16,10,15),(16,10,15),(16,10,15),(16,10,15),(16,10,15),(16,10,15),
(62,16,0),(45,57,44),(0,20,60),(40,0,31),(46,36,31),(37,50,46),
(110,38,0),(0,143,2),(0,67,151),(110,0,80),(142,89,0),(0,172,106),
}
#====================================================================
