#====================================================================
# Create at 2022/10/26 18:17:18
#====================================================================
< "fps":30 >
< "frame":234 >
< "rows":4 >
< "columns":6 >
#====================================================================
{
(0,0,0),(151,0,0),(50,0,0),(0,0,0),(0,0,0),(0,0,0),
(0,0,0),(0,0,0),(15,15,15),(12,12,12),(0,0,0),(0,0,0),
(0,0,0),(0,0,0),(23,23,23),(31,31,31),(0,0,0),(0,0,0),
(0,0,0),(0,0,0),(0,0,0),(0,0,0),(0,0,0),(0,0,0),
}
{
(0,0,0),(151,0,0),(49,0,0),(0,0,0),(0,0,0),(0,0,0),
(0,0,0),(0,0,0),(15,15,15),(12,12,12),(0,0,0),(0,0,0),
(0,0,0),(0,0,0),(23,23,23),(31,31,31),(0,0,0),(0,0,0),
(0,0,0),(0,0,0),(0,0,0),(0,0,0),(0,0,0),(0,0,0),
}
{
(0,0,0),(50,0,0),(151,0,0),(0,0,0),(0,0,0),(0,0,0),
(0,0,0),(0,0,0),(15,15,15),(12,12,12),(0,0,0),(0,0,0),
(0,0,0),(0,0,0),(23,23,23),(31,31,31),(0,0,0),(0,0,0),
(0,0,0),(0,0,0),(0,0,0),(0,0,0),(0,0,0),(0,0,0),
}
{
(0,0,0),(0,0,0),(100,0,0),(49,0,0),(0,0,0),(0,0,0),
(0,0,0),(0,0,0),(15,15,15),(12,12,12),(0,0,0),(0,0,0),
(0,0,0),(0,0,0),(23,23,23),(31,31,31),(0,0,0),(0,0,0),
(0,0,0),(0,0,0),(0,0,0),(0,0,0),(0,0,0),(0,0,0),
}
{
(0,0,0),(0,0,0),(0,0,0),(201,0,0),(0,0,0),(0,0,0),
(0,0,0),(0,0,0),(15,15,15),(12,13,12),(0,0,0),(0,0,0),
(0,0,0),(0,0,0),(23,23,23),(31,31,31),(0,0,0),(0,0,0),
(0,0,0),(0,0,0),(0,0,0),(0,0,0),(0,0,0),(0,0,0),
}
{
(0,0,0),(0,0,0),(0,0,0),(49,0,0),(151,0,0),(0,0,0),
(0,0,0),(0,0,0),(15,15,15),(12,12,12),(0,0,0),(0,0,0),
(0,0,0),(0,0,0),(23,23,23),(31,31,31),(0,0,0),(0,0,0),
(0,0,0),(0,0,0),(0,0,0),(0,0,0),(0,0,0),(0,0,0),
}
{
(0,0,0),(0,0,0),(0,0,0),(0,0,0),(103,0,0),(87,0,0),
(0,0,0),(0,0,0),(15,15,15),(12,12,12),(0,0,0),(0,0,0),
(0,0,0),(0,0,0),(23,23,23),(31,31,31),(0,0,0),(0,0,0),
(0,0,0),(0,0,0),(0,0,0),(0,0,0),(0,0,0),(0,0,0),
}
{
(0,0,0),(0,0,0),(0,0,0),(0,0,0),(0,0,0),(201,0,0),
(0,0,0),(0,0,0),(15,15,15),(12,12,12),(0,0,0),(0,0,0),
(0,0,0),(0,0,0),(23,23,23),(31,31,31),(0,0,0),(0,0,0),
(0,0,0),(0,0,0),(0,0,0),(0,0,0),(0,0,0),(0,0,0),
}
{
(0,0,0),(0,0,0),(0,0,0),(0,0,0),(0,0,0),(151,0,0),
(0,0,0),(0,0,0),(15,15,15),(12,12,12),(0,0,0),(37,0,0),
(0,0,0),(0,0,0),(23,23,23),(31,31,31),(0,0,0),(0,0,0),
(0,0,0),(0,0,0),(0,0,0),(0,0,0),(0,0,0),(0,0,0),
}
{
(0,0,0),(0,0,0),(0,0,0),(0,0,0),(0,0,0),(110,0,0),
(0,0,0),(0,0,0),(15,15,15),(12,12,12),(0,0,0),(113,0,0),
(0,0,0),(0,0,0),(23,23,23),(31,31,31),(0,0,0),(0,0,0),
(0,0,0),(0,0,0),(0,0,0),(0,0,0),(0,0,0),(0,0,0),
}
{
(0,0,0),(0,0,0),(0,0,0),(0,0,0),(0,0,0),(37,0,0),
(0,0,0),(0,0,0),(15,15,15),(12,12,12),(0,0,0),(151,0,0),
(0,0,0),(0,0,0),(23,23,23),(31,31,31),(0,0,0),(0,0,0),
(0,0,0),(0,0,0),(0,0,0),(0,0,0),(0,0,0),(0,0,0),
}
{
(0,0,0),(0,0,0),(0,0,0),(0,0,0),(0,0,0),(0,0,0),
(0,0,0),(0,0,0),(15,15,15),(12,12,12),(0,0,0),(113,0,0),
(0,0,0),(0,0,0),(23,23,23),(31,31,31),(0,0,0),(75,0,0),
(0,0,0),(0,0,0),(0,0,0),(0,0,0),(0,0,0),(0,0,0),
}
{
(0,0,0),(0,0,0),(0,0,0),(0,0,0),(0,0,0),(0,0,0),
(0,0,0),(0,0,0),(15,15,15),(12,12,12),(0,0,0),(75,0,0),
(0,0,0),(0,0,0),(23,23,23),(31,31,31),(0,0,0),(114,0,0),
(0,0,0),(0,0,0),(0,0,0),(0,0,0),(0,0,0),(0,0,0),
}
{
(0,0,0),(0,0,0),(0,0,0),(0,0,0),(0,0,0),(0,0,0),
(0,0,0),(0,0,0),(15,15,15),(12,12,12),(0,0,0),(0,0,0),
(0,0,0),(0,0,0),(23,23,23),(31,31,31),(0,0,0),(151,0,0),
(0,0,0),(0,0,0),(0,0,0),(0,0,0),(0,0,0),(37,0,0),
}
{
(0,0,0),(0,0,0),(0,0,0),(0,0,0),(0,0,0),(0,0,0),
(0,0,0),(0,0,0),(15,15,15),(12,12,12),(0,0,0),(0,0,0),
(0,0,0),(0,0,0),(23,23,23),(31,31,31),(0,0,0),(113,0,0),
(0,0,0),(0,0,0),(0,0,0),(0,0,0),(0,0,0),(113,0,0),
}
{
(0,0,0),(0,0,0),(0,0,0),(0,0,0),(0,0,0),(0,0,0),
(0,0,0),(0,0,0),(15,15,15),(12,12,12),(0,0,0),(0,0,0),
(0,0,0),(0,0,0),(23,23,23),(31,31,31),(0,0,0),(37,0,0),
(0,0,0),(0,0,0),(0,0,0),(0,0,0),(0,0,0),(151,0,0),
}
{
(0,0,0),(0,0,0),(0,0,0),(0,0,0),(0,0,0),(0,0,0),
(0,0,0),(0,0,0),(15,15,15),(12,12,12),(0,0,0),(0,0,0),
(0,0,0),(0,0,0),(23,23,23),(31,31,31),(0,0,0),(0,0,0),
(0,0,0),(0,0,0),(0,0,0),(0,0,0),(0,0,0),(201,0,0),
}
{
(0,0,0),(0,0,0),(0,0,0),(0,0,0),(0,0,0),(0,0,0),
(0,0,0),(0,0,0),(15,15,15),(12,12,12),(0,0,0),(0,0,0),
(0,0,0),(0,0,0),(23,23,23),(31,31,31),(0,0,0),(0,0,0),
(0,0,0),(0,0,0),(0,0,0),(0,0,0),(151,0,0),(49,0,0),
}
{
(0,0,0),(0,0,0),(0,0,0),(0,0,0),(0,0,0),(0,0,0),
(0,0,0),(0,0,0),(15,15,15),(12,12,12),(0,0,0),(0,0,0),
(0,0,0),(0,0,0),(23,23,23),(31,31,31),(0,0,0),(0,0,0),
(0,0,0),(0,0,0),(0,0,0),(49,0,0),(151,0,0),(0,0,0),
}
{
(0,0,0),(0,0,0),(0,0,0),(0,0,0),(0,0,0),(0,0,0),
(0,0,0),(0,0,0),(15,15,15),(12,12,12),(0,0,0),(0,0,0),
(0,0,0),(0,0,0),(23,23,23),(31,31,31),(0,0,0),(0,0,0),
(0,0,0),(0,0,0),(0,0,0),(201,0,0),(0,0,0),(0,0,0),
}
{
(0,0,0),(0,0,0),(0,0,0),(0,0,0),(0,0,0),(0,0,0),
(0,0,0),(0,0,0),(15,15,15),(12,12,12),(0,0,0),(0,0,0),
(0,0,0),(0,0,0),(23,23,23),(31,31,31),(0,0,0),(0,0,0),
(0,0,0),(0,0,0),(100,0,0),(49,0,0),(0,0,0),(0,0,0),
}
{
(0,0,0),(0,0,0),(0,0,0),(0,0,0),(0,0,0),(0,0,0),
(0,0,0),(0,0,0),(15,15,15),(12,12,12),(0,0,0),(0,0,0),
(0,0,0),(0,0,0),(23,23,23),(31,31,31),(0,0,0),(0,0,0),
(0,0,0),(49,0,0),(151,0,0),(0,0,0),(0,0,0),(0,0,0),
}
{
(0,0,0),(0,0,0),(0,0,0),(0,0,0),(0,0,0),(0,0,0),
(0,0,0),(0,0,0),(15,15,15),(12,12,12),(0,0,0),(0,0,0),
(0,0,0),(0,0,0),(23,23,23),(31,31,31),(0,0,0),(0,0,0),
(0,0,0),(201,0,0),(0,0,0),(0,0,0),(0,0,0),(0,0,0),
}
{
(0,0,0),(0,0,0),(0,0,0),(0,0,0),(0,0,0),(0,0,0),
(0,0,0),(0,0,0),(15,15,15),(12,12,12),(0,0,0),(0,0,0),
(0,0,0),(0,0,0),(23,23,23),(31,31,31),(0,0,0),(0,0,0),
(151,0,0),(49,0,0),(0,0,0),(0,0,0),(0,0,0),(0,0,0),
}
{
(0,0,0),(0,0,0),(0,0,0),(0,0,0),(0,0,0),(0,0,0),
(0,0,0),(0,0,0),(15,15,15),(12,12,12),(0,0,0),(0,0,0),
(42,0,1),(0,0,0),(23,23,23),(31,31,31),(0,0,0),(0,0,0),
(201,0,0),(0,0,0),(0,0,0),(0,0,0),(0,0,0),(0,0,0),
}
{
(0,0,0),(0,0,0),(0,0,0),(0,0,0),(0,0,0),(0,0,0),
(0,0,0),(0,0,0),(15,15,15),(12,12,12),(0,0,0),(0,0,0),
(100,0,0),(0,0,0),(23,23,23),(31,31,31),(0,0,0),(0,0,0),
(151,0,0),(0,0,0),(0,0,0),(0,0,0),(0,0,0),(0,0,0),
}
{
(0,0,0),(0,0,0),(0,0,0),(0,0,0),(0,0,0),(0,0,0),
(0,0,0),(0,0,0),(15,15,15),(12,12,12),(0,0,0),(0,0,0),
(201,0,0),(0,0,0),(23,23,23),(31,31,31),(0,0,0),(0,0,0),
(100,0,0),(0,0,0),(0,0,0),(0,0,0),(0,0,0),(0,0,0),
}
{
(0,0,0),(0,0,0),(0,0,0),(0,0,0),(0,0,0),(0,0,0),
(49,0,0),(0,0,0),(15,15,15),(12,12,12),(0,0,0),(0,0,0),
(201,0,0),(0,0,0),(23,23,23),(31,31,31),(0,0,0),(0,0,0),
(0,0,0),(0,0,0),(0,0,0),(0,0,0),(0,0,0),(0,0,0),
}
{
(0,0,0),(0,0,0),(0,0,0),(0,0,0),(0,0,0),(0,0,0),
(151,0,0),(0,0,0),(15,15,15),(12,12,12),(0,0,0),(0,0,0),
(113,0,0),(0,0,0),(23,23,23),(31,31,31),(0,0,0),(0,0,0),
(0,0,0),(0,0,0),(0,0,0),(0,0,0),(0,0,0),(0,0,0),
}
{
(48,0,0),(0,0,0),(0,0,0),(0,0,0),(0,0,0),(0,0,0),
(201,0,0),(0,0,0),(15,15,15),(12,12,12),(0,0,0),(0,0,0),
(49,0,0),(0,0,0),(23,23,23),(31,31,31),(0,0,0),(0,0,0),
(0,0,0),(0,0,0),(0,0,0),(0,0,0),(0,0,0),(0,0,0),
}
{
(100,0,0),(0,0,0),(0,0,0),(0,0,0),(0,0,0),(0,0,0),
(151,0,0),(0,0,0),(15,15,15),(12,12,12),(0,0,0),(0,0,0),
(0,0,0),(0,0,0),(23,23,23),(31,31,31),(0,0,0),(0,0,0),
(0,0,0),(0,0,0),(0,0,0),(0,0,0),(0,0,0),(0,0,0),
}
{
(201,0,0),(0,0,0),(0,0,0),(0,0,0),(0,0,0),(0,0,0),
(100,0,0),(0,0,0),(15,15,15),(12,12,12),(0,0,0),(0,0,0),
(0,0,0),(0,0,0),(23,23,23),(31,31,31),(0,0,0),(0,0,0),
(0,0,0),(0,0,0),(0,0,0),(0,0,0),(0,0,0),(0,0,0),
}
{
(201,0,0),(0,0,0),(0,0,0),(0,0,0),(0,0,0),(0,0,0),
(0,0,0),(0,0,0),(15,15,15),(12,12,12),(0,0,0),(0,0,0),
(0,0,0),(0,0,0),(23,23,23),(31,31,31),(0,0,0),(0,0,0),
(0,0,0),(0,0,0),(0,0,0),(0,0,0),(0,0,0),(0,0,0),
}
{
(179,17,0),(0,0,0),(0,0,0),(0,0,0),(0,0,0),(0,0,0),
(0,0,0),(0,0,0),(10,10,10),(8,8,8),(0,0,0),(0,0,0),
(0,0,0),(0,0,0),(16,16,16),(21,21,21),(0,0,0),(0,0,0),
(0,0,0),(0,0,0),(0,0,0),(0,0,0),(0,0,0),(0,0,0),
}
{
(135,63,0),(0,0,0),(0,0,0),(0,0,0),(0,0,0),(0,0,0),
(0,0,0),(0,0,0),(0,0,0),(0,0,0),(0,0,0),(0,0,0),
(0,0,0),(0,0,0),(0,0,0),(0,0,0),(0,0,0),(0,0,0),
(0,0,0),(0,0,0),(0,0,0),(0,0,0),(0,0,0),(0,0,0),
}
{
(86,115,0),(0,0,0),(0,0,0),(0,0,0),(0,0,0),(0,0,0),
(0,0,0),(0,0,0),(0,0,0),(0,0,0),(0,0,0),(0,0,0),
(0,0,0),(0,0,0),(0,0,0),(0,0,0),(0,0,0),(0,0,0),
(0,0,0),(0,0,0),(0,0,0),(0,0,0),(0,0,0),(0,0,0),
}
{
(53,147,0),(0,0,0),(0,0,0),(0,0,0),(0,0,0),(0,0,0),
(0,0,0),(0,0,0),(3,3,3),(2,2,2),(0,0,0),(0,0,0),
(0,0,0),(0,0,0),(8,8,8),(1,1,1),(0,0,0),(0,0,0),
(0,0,0),(0,0,0),(0,0,0),(0,0,0),(0,0,0),(0,0,0),
}
{
(26,176,0),(0,0,0),(0,0,0),(0,0,0),(0,0,0),(0,0,0),
(0,0,0),(0,0,0),(10,10,10),(8,8,8),(0,0,0),(0,0,0),
(0,0,0),(0,0,0),(25,25,25),(3,3,3),(0,0,0),(0,0,0),
(0,0,0),(0,0,0),(0,0,0),(0,0,0),(0,0,0),(0,0,0),
}
{
(12,190,0),(0,0,0),(0,0,0),(0,0,0),(0,0,0),(0,0,0),
(0,0,0),(0,0,0),(13,13,13),(10,10,10),(0,0,0),(0,0,0),
(0,0,0),(0,0,0),(33,33,33),(4,4,4),(0,0,0),(0,0,0),
(0,0,0),(0,0,0),(0,0,0),(0,0,0),(0,0,0),(0,0,0),
}
{
(3,199,0),(0,0,0),(0,0,0),(0,0,0),(0,0,0),(0,0,0),
(0,0,0),(0,0,0),(14,14,14),(11,11,11),(0,0,0),(0,0,0),
(0,0,0),(0,0,0),(38,38,38),(5,5,5),(0,0,0),(0,0,0),
(0,0,0),(0,0,0),(0,0,0),(0,0,0),(0,0,0),(0,0,0),
}
{
(0,201,0),(0,0,0),(0,0,0),(0,0,0),(0,0,0),(0,0,0),
(0,0,0),(0,0,0),(15,15,15),(12,12,12),(0,0,0),(0,0,0),
(0,0,0),(0,0,0),(40,40,40),(5,5,5),(0,0,0),(0,0,0),
(0,0,0),(0,0,0),(0,0,0),(0,0,0),(0,0,0),(0,0,0),
}
{
(0,100,0),(0,100,0),(0,0,0),(0,0,0),(0,0,0),(0,0,0),
(0,0,0),(0,0,0),(15,15,15),(12,12,12),(0,0,0),(0,0,0),
(0,0,0),(0,0,0),(40,40,40),(6,6,6),(0,0,0),(0,0,0),
(0,0,0),(0,0,0),(0,0,0),(0,0,0),(0,0,0),(0,0,0),
}
{
(0,0,0),(0,173,0),(0,6,0),(0,0,0),(0,0,0),(0,0,0),
(0,0,0),(0,0,0),(15,15,15),(12,12,12),(0,0,0),(0,0,0),
(0,0,0),(0,0,0),(40,40,40),(6,6,6),(0,0,0),(0,0,0),
(0,0,0),(0,0,0),(0,0,0),(0,0,0),(0,0,0),(0,0,0),
}
{
(0,0,0),(0,0,0),(0,201,0),(0,0,0),(0,0,0),(0,0,0),
(0,0,0),(0,0,0),(15,15,15),(12,12,12),(0,0,0),(0,0,0),
(0,0,0),(0,0,0),(40,40,40),(6,6,6),(0,0,0),(0,0,0),
(0,0,0),(0,0,0),(0,0,0),(0,0,0),(0,0,0),(0,0,0),
}
{
(0,0,0),(0,0,0),(1,98,0),(0,49,0),(0,0,0),(0,0,0),
(0,0,0),(0,0,0),(15,15,15),(12,12,12),(0,0,0),(0,0,0),
(0,0,0),(0,0,0),(40,40,40),(6,6,6),(0,0,0),(0,0,0),
(0,0,0),(0,0,0),(0,0,0),(0,0,0),(0,0,0),(0,0,0),
}
{
(0,0,0),(0,0,0),(0,0,0),(0,201,0),(0,0,0),(0,0,0),
(0,0,0),(0,0,0),(15,15,15),(12,12,12),(0,0,0),(0,0,0),
(0,0,0),(0,0,0),(40,40,40),(6,6,6),(0,0,0),(0,0,0),
(0,0,0),(0,0,0),(0,0,0),(0,0,0),(0,0,0),(0,0,0),
}
{
(0,0,0),(0,0,0),(0,0,0),(0,0,0),(0,201,0),(0,0,0),
(0,0,0),(0,0,0),(15,15,15),(12,12,12),(0,0,0),(0,0,0),
(0,0,0),(0,0,0),(40,40,40),(6,6,6),(0,0,0),(0,0,0),
(0,0,0),(0,0,0),(0,0,0),(0,0,0),(0,0,0),(0,0,0),
}
{
(0,0,0),(0,0,0),(0,0,0),(0,0,0),(0,100,0),(0,100,0),
(0,0,0),(0,0,0),(15,15,15),(12,12,12),(0,0,0),(0,0,0),
(0,0,0),(0,0,0),(40,40,40),(6,6,6),(0,0,0),(0,0,0),
(0,0,0),(0,0,0),(0,0,0),(0,0,0),(0,0,0),(0,0,0),
}
{
(0,0,0),(0,0,0),(0,0,0),(0,0,0),(0,0,0),(0,151,0),
(0,0,0),(0,0,0),(15,15,15),(12,12,12),(0,0,0),(0,0,0),
(0,0,0),(0,0,0),(40,40,40),(6,6,6),(0,0,0),(0,0,0),
(0,0,0),(0,0,0),(0,0,0),(0,0,0),(0,0,0),(0,0,0),
}
{
(0,0,0),(0,0,0),(0,0,0),(0,0,0),(0,0,0),(0,151,0),
(0,0,0),(0,0,0),(15,15,15),(12,12,12),(0,0,0),(0,48,0),
(0,0,0),(0,0,0),(40,40,40),(6,6,6),(0,0,0),(0,0,0),
(0,0,0),(0,0,0),(0,0,0),(0,0,0),(0,0,0),(0,0,0),
}
{
(0,0,0),(0,0,0),(0,0,0),(0,0,0),(0,0,0),(0,75,0),
(0,0,0),(0,0,0),(15,15,15),(12,12,12),(0,0,0),(0,113,0),
(0,0,0),(0,0,0),(40,40,40),(6,6,6),(0,0,0),(0,0,0),
(0,0,0),(0,0,0),(0,0,0),(0,0,0),(0,0,0),(0,0,0),
}
{
(0,0,0),(0,0,0),(0,0,0),(0,0,0),(0,0,0),(0,37,0),
(0,0,0),(0,0,0),(15,15,15),(12,12,12),(0,0,0),(0,151,0),
(0,0,0),(0,0,0),(40,40,40),(6,6,6),(0,0,0),(0,37,0),
(0,0,0),(0,0,0),(0,0,0),(0,0,0),(0,0,0),(0,0,0),
}
{
(0,0,0),(0,0,0),(0,0,0),(0,0,0),(0,0,0),(0,0,0),
(0,0,0),(0,0,0),(15,15,15),(12,12,12),(0,0,0),(0,113,0),
(0,0,0),(0,0,0),(40,40,40),(6,6,6),(0,0,0),(0,75,0),
(0,0,0),(0,0,0),(0,0,0),(0,0,0),(0,0,0),(0,0,0),
}
{
(0,0,0),(0,0,0),(0,0,0),(0,0,0),(0,0,0),(0,0,0),
(0,0,0),(0,0,0),(15,15,15),(12,12,12),(0,0,0),(0,62,0),
(0,0,0),(0,0,0),(40,40,40),(5,5,5),(0,0,0),(0,151,0),
(0,0,0),(0,0,0),(0,0,0),(0,0,0),(0,0,0),(0,0,0),
}
{
(0,0,0),(0,0,0),(0,0,0),(0,0,0),(0,0,0),(0,0,0),
(0,0,0),(0,0,0),(15,15,15),(12,12,12),(0,0,0),(0,0,0),
(0,0,0),(0,0,0),(40,40,40),(5,5,5),(0,0,0),(0,151,0),
(0,0,0),(0,0,0),(0,0,0),(0,0,0),(0,0,0),(0,37,0),
}
{
(0,0,0),(0,0,0),(0,0,0),(0,0,0),(0,0,0),(0,0,0),
(0,0,0),(0,0,0),(15,15,15),(12,12,12),(0,0,0),(0,0,0),
(0,0,0),(0,0,0),(40,40,40),(5,5,5),(0,0,0),(0,75,0),
(0,0,0),(0,0,0),(0,0,0),(0,0,0),(0,0,0),(0,113,0),
}
{
(0,0,0),(0,0,0),(0,0,0),(0,0,0),(0,0,0),(0,0,0),
(0,0,0),(0,0,0),(15,15,15),(12,12,12),(0,0,0),(0,0,0),
(0,0,0),(0,0,0),(40,40,40),(5,5,5),(0,0,0),(0,37,0),
(0,0,0),(0,0,0),(0,0,0),(0,0,0),(0,0,0),(0,151,0),
}
{
(0,0,0),(0,0,0),(0,0,0),(0,0,0),(0,0,0),(0,0,0),
(0,0,0),(0,0,0),(15,15,15),(12,12,12),(0,0,0),(0,0,0),
(0,0,0),(0,0,0),(40,40,40),(5,5,5),(0,0,0),(0,0,0),
(0,0,0),(0,0,0),(0,0,0),(0,0,0),(0,0,0),(0,201,0),
}
{
(0,0,0),(0,0,0),(0,0,0),(0,0,0),(0,0,0),(0,0,0),
(0,0,0),(0,0,0),(15,15,15),(12,12,12),(0,0,0),(0,0,0),
(0,0,0),(0,0,0),(40,40,40),(5,5,5),(0,0,0),(0,0,0),
(0,0,0),(0,0,0),(0,0,0),(0,0,0),(0,151,0),(0,49,0),
}
{
(0,0,0),(0,0,0),(0,0,0),(0,0,0),(0,0,0),(0,0,0),
(0,0,0),(0,0,0),(15,15,15),(12,12,12),(0,0,0),(0,0,0),
(0,0,0),(0,0,0),(40,40,40),(5,5,6),(0,0,0),(0,0,0),
(0,0,0),(0,0,0),(0,0,0),(0,100,0),(0,100,0),(0,0,0),
}
{
(0,0,0),(0,0,0),(0,0,0),(0,0,0),(0,0,0),(0,0,0),
(0,0,0),(0,0,0),(15,15,15),(12,12,12),(0,0,0),(0,0,0),
(0,0,0),(0,0,0),(40,40,40),(6,5,6),(0,0,0),(0,0,0),
(0,0,0),(0,0,0),(0,0,0),(0,201,0),(0,0,0),(0,0,0),
}
{
(0,0,0),(0,0,0),(0,0,0),(0,0,0),(0,0,0),(0,0,0),
(0,0,0),(0,0,0),(15,15,15),(12,12,12),(0,0,0),(0,0,0),
(0,0,0),(0,0,0),(40,40,41),(5,5,5),(0,0,0),(0,0,0),
(0,0,0),(0,0,0),(0,151,0),(0,0,0),(0,0,0),(0,0,0),
}
{
(0,0,0),(0,0,0),(0,0,0),(0,0,0),(0,0,0),(0,0,0),
(0,0,0),(0,0,0),(15,15,15),(12,12,12),(0,0,0),(0,0,0),
(0,0,0),(0,0,0),(41,40,40),(5,5,5),(0,0,0),(0,0,0),
(0,0,0),(0,49,0),(0,151,0),(0,0,0),(0,0,0),(0,0,0),
}
{
(0,0,0),(0,0,0),(0,0,0),(0,0,0),(0,0,0),(0,0,0),
(0,0,0),(0,0,0),(15,15,15),(12,12,12),(0,0,0),(0,0,0),
(0,0,0),(0,0,0),(40,40,40),(5,5,5),(0,0,0),(0,0,0),
(0,0,0),(0,201,0),(0,0,0),(0,0,0),(0,0,0),(0,0,0),
}
{
(0,0,0),(0,0,0),(0,0,0),(0,0,0),(0,0,0),(0,0,0),
(0,0,0),(0,0,0),(15,15,15),(12,12,12),(0,0,0),(0,0,0),
(0,0,0),(0,0,0),(40,40,40),(5,5,5),(0,0,0),(0,0,0),
(0,151,0),(0,49,0),(0,0,0),(0,0,0),(0,0,0),(0,0,0),
}
{
(0,0,0),(0,0,0),(0,0,0),(0,0,0),(0,0,0),(0,0,0),
(0,0,0),(0,0,0),(15,15,15),(12,12,12),(0,0,0),(0,0,0),
(0,49,0),(0,0,0),(40,40,40),(5,5,5),(0,0,0),(0,0,0),
(0,201,0),(0,0,0),(0,0,0),(0,0,0),(0,0,0),(0,0,0),
}
{
(0,0,0),(0,0,0),(0,0,0),(0,0,0),(0,0,0),(0,0,0),
(0,0,0),(0,0,0),(15,15,15),(12,12,12),(0,0,0),(0,0,0),
(0,101,0),(0,0,0),(40,40,40),(5,5,5),(0,0,0),(0,0,0),
(0,151,0),(0,0,0),(0,0,0),(0,0,0),(0,0,0),(0,0,0),
}
{
(0,0,0),(0,0,0),(0,0,0),(0,0,0),(0,0,0),(0,0,0),
(0,0,0),(0,0,0),(15,15,15),(12,12,12),(0,0,0),(0,0,0),
(0,201,0),(0,0,0),(40,40,40),(5,5,5),(0,0,0),(0,0,0),
(0,49,0),(0,0,0),(0,0,0),(0,0,0),(0,0,0),(0,0,0),
}
{
(0,0,0),(0,0,0),(0,0,0),(0,0,0),(0,0,0),(0,0,0),
(0,89,0),(0,0,0),(15,15,15),(12,12,12),(0,0,0),(0,0,0),
(0,201,0),(0,0,0),(40,40,40),(5,5,5),(0,0,0),(0,0,0),
(0,0,0),(0,0,0),(0,0,0),(0,0,0),(0,0,0),(0,0,0),
}
{
(0,0,0),(0,0,0),(0,0,0),(0,0,0),(0,0,0),(0,0,0),
(0,151,0),(0,0,0),(15,15,15),(12,12,12),(0,0,0),(0,0,0),
(0,100,0),(0,0,0),(40,40,40),(5,5,5),(0,0,0),(0,0,0),
(0,0,0),(0,0,0),(0,0,0),(0,0,0),(0,0,0),(0,0,0),
}
{
(0,49,0),(0,0,0),(0,0,0),(0,0,0),(0,0,0),(0,0,0),
(0,201,0),(0,0,0),(15,15,15),(12,12,12),(0,0,0),(0,0,0),
(0,49,2),(0,0,0),(40,40,40),(5,5,5),(0,0,0),(0,0,0),
(0,0,0),(0,0,0),(0,0,0),(0,0,0),(0,0,0),(0,0,0),
}
{
(0,100,0),(0,0,0),(0,0,0),(0,0,0),(0,0,0),(0,0,0),
(0,151,0),(0,0,0),(15,15,15),(12,12,12),(0,0,0),(0,0,0),
(0,0,0),(0,0,0),(40,40,40),(5,5,5),(0,0,0),(0,0,0),
(0,0,0),(0,0,0),(0,0,0),(0,0,0),(0,0,0),(0,0,0),
}
{
(0,201,0),(0,0,0),(0,0,0),(0,0,0),(0,0,0),(0,0,0),
(0,49,0),(0,0,0),(15,15,15),(12,12,12),(0,0,0),(0,0,0),
(0,0,0),(0,0,0),(40,40,40),(5,5,5),(0,0,0),(0,0,0),
(0,0,0),(0,0,0),(0,0,0),(0,0,0),(0,0,0),(0,0,0),
}
{
(0,200,0),(0,0,0),(0,0,0),(0,0,0),(0,0,0),(0,0,0),
(0,0,0),(0,0,0),(15,15,15),(12,12,12),(0,0,0),(0,0,0),
(0,0,0),(0,0,0),(40,40,40),(5,5,5),(0,0,0),(0,0,0),
(0,0,0),(0,0,0),(0,0,0),(0,0,0),(0,0,0),(0,0,0),
}
{
(0,175,26),(0,0,0),(0,0,0),(0,0,0),(0,0,0),(0,0,0),
(0,0,0),(0,0,0),(9,9,9),(7,7,7),(0,0,0),(0,0,0),
(0,0,0),(0,0,0),(25,25,25),(3,3,3),(0,0,0),(0,0,0),
(0,0,0),(0,0,0),(0,0,0),(0,0,0),(0,0,0),(0,0,0),
}
{
(0,122,75),(0,0,0),(0,0,0),(0,0,0),(0,0,0),(0,0,0),
(0,0,0),(0,0,0),(0,0,0),(0,0,0),(0,0,0),(0,0,0),
(0,0,0),(0,0,0),(0,0,0),(0,0,0),(0,0,0),(0,0,0),
(0,0,0),(0,0,0),(0,0,0),(0,0,0),(0,0,0),(0,0,0),
}
{
(0,84,118),(0,0,0),(0,0,0),(0,0,0),(0,0,0),(0,0,0),
(0,0,0),(0,0,0),(0,0,0),(0,0,0),(0,0,0),(0,0,0),
(0,0,0),(0,0,0),(0,0,0),(0,0,0),(0,0,0),(0,0,0),
(0,0,0),(0,0,0),(0,0,0),(0,0,0),(0,0,0),(0,0,0),
}
{
(0,47,157),(0,0,0),(0,0,0),(0,0,0),(0,0,0),(0,0,0),
(0,0,0),(0,0,0),(5,5,5),(4,4,4),(0,0,0),(0,0,0),
(0,0,0),(0,0,0),(12,12,12),(16,16,16),(0,0,0),(0,0,0),
(0,0,0),(0,0,0),(0,0,0),(0,0,0),(0,0,0),(0,0,0),
}
{
(0,23,179),(0,0,0),(0,0,0),(0,0,0),(0,0,0),(0,0,0),
(0,0,0),(0,0,0),(10,10,10),(8,8,8),(0,0,0),(0,0,0),
(0,0,0),(0,0,0),(25,25,25),(33,33,33),(0,0,0),(0,0,0),
(0,0,0),(0,0,0),(0,0,0),(0,0,0),(0,0,0),(0,0,0),
}
{
(0,9,192),(0,0,0),(0,0,0),(0,0,0),(0,0,0),(0,0,0),
(0,0,0),(0,0,0),(14,14,14),(10,10,10),(0,0,0),(0,0,0),
(0,0,0),(0,0,0),(35,35,35),(44,44,44),(0,0,0),(0,0,0),
(0,0,0),(0,0,0),(0,0,0),(0,0,0),(0,0,0),(0,0,0),
}
{
(0,0,199),(0,0,0),(0,0,0),(0,0,0),(0,0,0),(0,0,0),
(0,0,0),(0,0,0),(15,15,15),(12,12,12),(0,0,0),(0,0,0),
(0,0,0),(0,0,0),(38,38,38),(50,50,50),(0,0,0),(0,0,0),
(0,0,0),(0,0,0),(0,0,0),(0,0,0),(0,0,0),(0,0,0),
}
{
(0,0,200),(0,0,0),(0,0,0),(0,0,0),(0,0,0),(0,0,0),
(0,0,0),(0,0,0),(15,15,15),(12,12,12),(0,0,0),(0,0,0),
(0,0,0),(0,0,0),(39,39,39),(50,50,50),(0,0,0),(0,0,0),
(0,0,0),(0,0,0),(0,0,0),(0,0,0),(0,0,0),(0,0,0),
}
{
(0,0,49),(0,0,150),(0,0,0),(0,0,0),(0,0,0),(0,0,0),
(0,0,0),(0,0,0),(15,15,15),(12,12,12),(0,0,0),(0,0,0),
(0,0,0),(0,0,0),(39,39,39),(50,50,50),(0,0,0),(0,0,0),
(0,0,0),(0,0,0),(0,0,0),(0,0,0),(0,0,0),(0,0,0),
}
{
(0,0,0),(0,0,151),(0,0,49),(0,0,0),(0,0,0),(0,0,0),
(0,0,0),(0,0,0),(15,15,15),(12,12,12),(0,0,0),(0,0,0),
(0,0,0),(0,0,0),(39,39,39),(50,50,50),(0,0,0),(0,0,0),
(0,0,0),(0,0,0),(0,0,0),(0,0,0),(0,0,0),(0,0,0),
}
{
(0,0,0),(0,0,0),(0,0,188),(0,0,0),(0,0,0),(0,0,0),
(0,0,0),(0,0,0),(15,15,15),(12,12,12),(0,0,0),(0,0,0),
(0,0,0),(0,0,0),(39,39,39),(50,50,50),(0,0,0),(0,0,0),
(0,0,0),(0,0,0),(0,0,0),(0,0,0),(0,0,0),(0,0,0),
}
{
(0,0,0),(0,0,0),(0,0,49),(0,0,100),(0,0,0),(0,0,0),
(0,0,0),(0,0,0),(15,15,15),(12,12,12),(0,0,0),(0,0,0),
(0,0,0),(0,0,0),(39,39,39),(50,50,50),(0,0,0),(0,0,0),
(0,0,0),(0,0,0),(0,0,0),(0,0,0),(0,0,0),(0,0,0),
}
{
(0,0,0),(0,0,0),(0,0,0),(0,0,151),(0,0,49),(0,0,0),
(0,0,0),(0,0,0),(15,15,15),(12,12,12),(0,0,0),(0,0,0),
(0,0,0),(0,0,0),(39,39,39),(50,50,50),(0,0,0),(0,0,0),
(0,0,0),(0,0,0),(0,0,0),(0,0,0),(0,0,0),(0,0,0),
}
{
(0,0,0),(0,0,0),(0,0,0),(0,0,0),(0,0,201),(0,0,0),
(0,0,0),(0,0,0),(15,15,15),(12,12,12),(0,0,0),(0,0,0),
(0,0,0),(0,0,0),(39,39,39),(50,50,50),(0,0,0),(0,0,0),
(0,0,0),(0,0,0),(0,0,0),(0,0,0),(0,0,0),(0,0,0),
}
{
(0,0,0),(0,0,0),(0,0,0),(0,0,0),(0,0,49),(0,0,151),
(0,0,0),(0,0,0),(15,15,15),(12,12,12),(0,0,0),(0,0,0),
(0,0,0),(0,0,0),(39,39,39),(50,50,50),(0,0,0),(0,0,0),
(0,0,0),(0,0,0),(0,0,0),(0,0,0),(0,0,0),(0,0,0),
}
{
(0,0,0),(0,0,0),(0,0,0),(0,0,0),(0,0,0),(0,0,151),
(0,0,0),(0,0,0),(15,15,15),(12,12,12),(0,0,0),(0,0,0),
(0,0,0),(0,0,0),(39,39,39),(50,50,50),(0,0,0),(0,0,0),
(0,0,0),(0,0,0),(0,0,0),(0,0,0),(0,0,0),(0,0,0),
}
{
(0,0,0),(0,0,0),(0,0,0),(0,0,0),(0,0,0),(0,0,151),
(0,0,0),(0,0,0),(15,15,15),(12,12,12),(0,0,0),(0,0,75),
(0,0,0),(0,0,0),(39,39,39),(50,50,50),(0,0,0),(0,0,0),
(0,0,0),(0,0,0),(0,0,0),(0,0,0),(0,0,0),(0,0,0),
}
{
(0,0,0),(0,0,0),(0,0,0),(0,0,0),(0,0,0),(0,0,75),
(0,0,0),(0,0,0),(15,15,15),(12,12,12),(0,0,0),(0,0,113),
(0,0,0),(0,0,0),(39,39,39),(50,50,50),(0,0,0),(0,0,0),
(0,0,0),(0,0,0),(0,0,0),(0,0,0),(0,0,0),(0,0,0),
}
{
(0,0,0),(0,0,0),(0,0,0),(0,0,0),(0,0,0),(0,0,26),
(0,0,0),(0,0,0),(15,15,15),(12,12,12),(0,0,0),(0,0,151),
(0,0,0),(0,0,0),(39,39,39),(50,50,50),(0,0,0),(0,0,37),
(0,0,0),(0,0,0),(0,0,0),(0,0,0),(0,0,0),(0,0,0),
}
{
(0,0,0),(0,0,0),(0,0,0),(0,0,0),(0,0,0),(0,0,0),
(0,0,0),(0,0,0),(15,15,15),(12,12,12),(0,0,0),(0,0,113),
(0,0,0),(0,0,0),(40,40,40),(51,51,51),(0,0,0),(0,0,97),
(0,0,0),(0,0,0),(0,0,0),(0,0,0),(0,0,0),(0,0,0),
}
{
(0,0,0),(0,0,0),(0,0,0),(0,0,0),(0,0,0),(0,0,0),
(0,0,0),(0,0,0),(15,15,15),(12,12,12),(0,0,0),(0,0,37),
(0,0,0),(0,0,0),(40,40,40),(51,51,51),(0,0,0),(0,0,151),
(0,0,0),(0,0,0),(0,0,0),(0,0,0),(0,0,0),(0,0,0),
}
{
(0,0,0),(0,0,0),(0,0,0),(0,0,0),(0,0,0),(0,0,0),
(0,0,0),(0,0,0),(15,15,15),(12,12,12),(0,0,0),(0,0,0),
(0,0,0),(0,0,0),(40,40,40),(51,51,51),(0,0,0),(0,0,151),
(0,0,0),(0,0,0),(0,0,0),(0,0,0),(0,0,0),(0,0,75),
}
{
(0,0,0),(0,0,0),(0,0,0),(0,0,0),(0,0,0),(0,0,0),
(0,0,0),(0,0,0),(15,15,15),(12,12,12),(0,0,0),(0,0,0),
(0,0,0),(0,0,0),(40,40,40),(51,51,51),(0,0,0),(0,0,75),
(0,0,0),(0,0,0),(0,0,0),(0,0,0),(0,0,0),(0,0,113),
}
{
(0,0,0),(0,0,0),(0,0,0),(0,0,0),(0,0,0),(0,0,0),
(0,0,0),(0,0,0),(15,15,15),(12,12,12),(0,0,0),(0,0,0),
(0,0,0),(0,0,0),(40,40,40),(51,51,51),(0,0,0),(0,0,35),
(0,0,0),(0,0,0),(0,0,0),(0,0,0),(0,0,0),(0,0,151),
}
{
(0,0,0),(0,0,0),(0,0,0),(0,0,0),(0,0,0),(0,0,0),
(0,0,0),(0,0,0),(15,15,15),(12,12,12),(0,0,0),(0,0,0),
(0,0,0),(0,0,0),(40,40,40),(51,51,51),(0,0,0),(0,0,0),
(0,0,0),(0,0,0),(0,0,0),(0,0,0),(0,0,0),(0,0,201),
}
{
(0,0,0),(0,0,0),(0,0,0),(0,0,0),(0,0,0),(0,0,0),
(0,0,0),(0,0,0),(15,15,15),(12,12,12),(0,0,0),(0,0,0),
(0,0,0),(0,0,0),(40,40,40),(51,51,51),(0,0,0),(0,0,0),
(0,0,0),(0,0,0),(0,0,0),(0,0,0),(0,0,201),(0,0,0),
}
{
(0,0,0),(0,0,0),(0,0,0),(0,0,0),(0,0,0),(0,0,0),
(0,0,0),(0,0,0),(15,15,15),(12,12,12),(0,0,0),(0,0,0),
(0,0,0),(0,0,0),(40,40,40),(51,51,51),(0,0,0),(0,0,0),
(0,0,0),(0,0,0),(0,0,0),(0,0,100),(0,0,100),(0,0,0),
}
{
(0,0,0),(0,0,0),(0,0,0),(0,0,0),(0,0,0),(0,0,0),
(0,0,0),(0,0,0),(15,15,15),(12,12,12),(0,0,0),(0,0,0),
(0,0,0),(0,0,0),(40,40,40),(50,50,50),(0,0,0),(0,0,0),
(0,0,0),(0,0,0),(0,0,0),(0,0,151),(0,0,0),(0,0,0),
}
{
(0,0,0),(0,0,0),(0,0,0),(0,0,0),(0,0,0),(0,0,0),
(0,0,0),(0,0,0),(15,15,15),(12,12,12),(0,0,0),(0,0,0),
(0,0,0),(0,0,0),(40,40,41),(50,50,50),(0,0,0),(0,0,0),
(0,0,0),(0,0,0),(0,0,151),(0,0,0),(0,0,0),(0,0,0),
}
{
(0,0,0),(0,0,0),(0,0,0),(0,0,0),(0,0,0),(0,0,0),
(0,0,0),(0,0,0),(15,15,15),(12,12,12),(0,0,0),(0,0,0),
(0,0,0),(0,0,0),(40,40,40),(50,50,50),(0,0,0),(0,0,0),
(0,0,0),(0,0,100),(0,0,100),(0,0,0),(0,0,0),(0,0,0),
}
{
(0,0,0),(0,0,0),(0,0,0),(0,0,0),(0,0,0),(0,0,0),
(0,0,0),(0,0,0),(15,15,15),(12,12,12),(0,0,0),(0,0,0),
(0,0,0),(0,0,0),(40,40,40),(50,50,50),(0,0,0),(0,0,0),
(0,0,0),(0,0,201),(0,0,0),(0,0,0),(0,0,0),(0,0,0),
}
{
(0,0,0),(0,0,0),(0,0,0),(0,0,0),(0,0,0),(0,0,0),
(0,0,0),(0,0,0),(15,15,15),(12,12,12),(0,0,0),(0,0,0),
(0,0,0),(0,0,0),(40,40,40),(50,50,50),(0,0,0),(0,0,0),
(0,0,201),(0,0,0),(0,0,0),(0,0,0),(0,0,0),(0,0,0),
}
{
(0,0,0),(0,0,0),(0,0,0),(0,0,0),(0,0,0),(0,0,0),
(0,0,0),(0,0,0),(15,15,15),(12,12,12),(0,0,0),(0,0,0),
(0,0,49),(0,0,0),(40,40,40),(50,50,50),(0,0,0),(0,0,0),
(0,0,201),(0,0,0),(0,0,0),(0,0,0),(0,0,0),(0,0,0),
}
{
(0,0,0),(0,0,0),(0,0,0),(0,0,0),(0,0,0),(0,0,0),
(0,0,0),(0,0,0),(15,15,15),(12,12,12),(0,0,0),(0,0,0),
(0,0,151),(0,0,0),(40,40,40),(50,50,50),(0,0,0),(0,0,0),
(0,0,150),(0,0,0),(0,0,0),(0,0,0),(0,0,0),(0,0,0),
}
{
(0,0,0),(0,0,0),(0,0,0),(0,0,0),(0,0,0),(0,0,0),
(0,0,0),(0,0,0),(15,15,15),(12,12,12),(0,0,0),(0,0,0),
(0,0,201),(0,0,0),(40,40,40),(50,50,50),(0,0,0),(0,0,0),
(0,0,50),(0,0,0),(0,0,0),(0,0,0),(0,0,0),(0,0,0),
}
{
(0,0,0),(0,0,0),(0,0,0),(0,0,0),(0,0,0),(0,0,0),
(0,0,100),(0,0,0),(15,15,15),(12,12,12),(0,0,0),(0,0,0),
(0,0,151),(0,0,0),(40,40,40),(50,50,50),(0,0,0),(0,0,0),
(0,0,0),(0,0,0),(0,0,0),(0,0,0),(0,0,0),(0,0,0),
}
{
(0,0,0),(0,0,0),(0,0,0),(0,0,0),(0,0,0),(0,0,0),
(0,0,156),(0,0,0),(15,15,15),(12,12,12),(0,0,0),(0,0,0),
(0,0,100),(0,0,0),(40,40,40),(50,50,50),(0,0,0),(0,0,0),
(0,0,0),(0,0,0),(0,0,0),(0,0,0),(0,0,0),(0,0,0),
}
{
(0,0,49),(0,0,0),(0,0,0),(0,0,0),(0,0,0),(0,0,0),
(0,0,201),(0,0,0),(15,15,15),(12,12,12),(0,0,0),(0,0,0),
(0,0,0),(0,0,0),(40,40,40),(50,50,50),(0,0,0),(0,0,0),
(0,0,0),(0,0,0),(0,0,0),(0,0,0),(0,0,0),(0,0,0),
}
{
(0,0,151),(0,0,0),(0,0,0),(0,0,0),(0,0,0),(0,0,0),
(0,0,151),(0,0,0),(15,15,15),(12,12,12),(0,0,0),(0,0,0),
(0,0,0),(0,0,0),(40,40,40),(50,50,50),(0,0,0),(0,0,0),
(0,0,0),(0,0,0),(0,0,0),(0,0,0),(0,0,0),(0,0,0),
}
{
(0,0,201),(0,0,0),(0,0,0),(0,0,0),(0,0,0),(0,0,0),
(0,0,49),(0,0,0),(15,15,15),(12,12,12),(0,0,0),(0,0,0),
(0,0,0),(0,0,0),(40,40,40),(50,50,50),(0,0,0),(0,0,0),
(0,0,0),(0,0,0),(0,0,0),(0,0,0),(0,0,0),(0,0,0),
}
{
(0,0,199),(0,0,0),(0,0,0),(0,0,0),(0,0,0),(0,0,0),
(0,0,0),(0,0,0),(15,15,15),(12,12,12),(0,0,0),(0,0,0),
(0,0,0),(0,0,0),(40,40,40),(50,50,50),(0,0,0),(0,0,0),
(0,0,0),(0,0,0),(0,0,0),(0,0,0),(0,0,0),(0,0,0),
}
{
(0,0,163),(0,0,0),(0,0,0),(0,0,0),(0,0,0),(0,0,0),
(0,0,0),(0,0,0),(6,6,6),(5,5,5),(0,0,0),(0,0,0),
(0,0,0),(0,0,0),(17,17,17),(22,22,22),(0,0,0),(0,0,0),
(0,0,0),(0,0,0),(0,0,0),(0,0,0),(0,0,0),(0,0,0),
}
{
(4,0,120),(0,0,0),(0,0,0),(0,0,0),(0,0,0),(0,0,0),
(0,0,0),(0,0,0),(0,0,0),(0,0,0),(0,0,0),(0,0,0),
(0,0,0),(0,0,0),(0,0,0),(0,0,0),(0,0,0),(0,0,0),
(0,0,0),(0,0,0),(0,0,0),(0,0,0),(0,0,0),(0,0,0),
}
{
(127,122,0),(0,0,0),(0,0,0),(0,0,0),(0,0,0),(0,0,0),
(0,0,0),(0,0,0),(0,0,0),(0,0,0),(0,0,0),(0,0,0),
(0,0,0),(0,0,0),(0,0,0),(0,0,0),(0,0,0),(0,0,0),
(0,0,0),(0,0,0),(0,0,0),(0,0,0),(0,0,0),(0,0,0),
}
{
(160,157,0),(0,0,0),(0,0,0),(0,0,0),(0,0,0),(0,0,0),
(0,0,0),(0,0,0),(5,5,5),(4,4,4),(0,0,0),(0,0,0),
(0,0,0),(0,0,0),(10,10,10),(0,0,0),(0,0,0),(0,0,0),
(0,0,0),(0,0,0),(0,0,0),(0,0,0),(0,0,0),(0,0,0),
}
{
(182,178,0),(0,0,0),(0,0,0),(0,0,0),(0,0,0),(0,0,0),
(0,0,0),(0,0,0),(11,11,11),(9,9,9),(0,0,0),(0,0,0),
(0,0,0),(0,0,0),(18,18,18),(0,0,0),(0,0,0),(0,0,0),
(0,0,0),(0,0,0),(0,0,0),(0,0,0),(0,0,0),(0,0,0),
}
{
(195,191,0),(0,0,0),(0,0,0),(0,0,0),(0,0,0),(0,0,0),
(0,0,0),(0,0,0),(13,13,13),(11,11,11),(0,0,0),(0,0,0),
(0,0,0),(0,0,0),(22,22,22),(0,0,0),(0,0,0),(0,0,0),
(0,0,0),(0,0,0),(0,0,0),(0,0,0),(0,0,0),(0,0,0),
}
{
(200,200,0),(0,0,0),(0,0,0),(0,0,0),(0,0,0),(0,0,0),
(0,0,0),(0,0,0),(14,14,14),(12,12,12),(0,0,0),(0,0,0),
(0,0,0),(0,0,0),(24,24,24),(0,0,0),(0,0,0),(0,0,0),
(0,0,0),(0,0,0),(0,0,0),(0,0,0),(0,0,0),(0,0,0),
}
{
(201,201,0),(0,0,0),(0,0,0),(0,0,0),(0,0,0),(0,0,0),
(0,0,0),(0,0,0),(15,15,15),(12,12,12),(0,0,0),(0,0,0),
(0,0,0),(0,0,0),(25,25,25),(0,0,0),(0,0,0),(0,0,0),
(0,0,0),(0,0,0),(0,0,0),(0,0,0),(0,0,0),(0,0,0),
}
{
(42,39,0),(151,148,0),(0,0,0),(0,0,0),(0,0,0),(0,0,0),
(0,0,0),(0,0,0),(15,15,15),(12,12,12),(0,0,0),(0,0,0),
(0,0,0),(0,0,0),(25,25,25),(0,0,0),(0,0,0),(0,0,0),
(0,0,0),(0,0,0),(0,0,0),(0,0,0),(0,0,0),(0,0,0),
}
{
(0,0,0),(100,100,0),(100,100,0),(0,0,0),(0,0,0),(0,0,0),
(0,0,0),(0,0,0),(15,15,15),(12,12,12),(0,0,0),(0,0,0),
(0,0,0),(0,0,0),(25,25,25),(0,0,0),(0,0,0),(0,0,0),
(0,0,0),(0,0,0),(0,0,0),(0,0,0),(0,0,0),(0,0,0),
}
{
(0,0,0),(0,0,0),(201,201,0),(0,0,0),(0,0,0),(0,0,0),
(0,0,0),(0,0,0),(15,15,15),(12,12,12),(0,0,0),(0,0,0),
(0,0,0),(0,0,0),(25,25,25),(0,0,0),(0,0,0),(0,0,0),
(0,0,0),(0,0,0),(0,0,0),(0,0,0),(0,0,0),(0,0,0),
}
{
(0,0,0),(0,0,0),(0,0,0),(150,150,0),(0,0,0),(0,0,0),
(0,0,0),(0,0,0),(15,15,15),(12,12,13),(0,0,0),(0,0,0),
(0,0,0),(0,0,0),(25,25,25),(0,0,0),(0,0,0),(0,0,0),
(0,0,0),(0,0,0),(0,0,0),(0,0,0),(0,0,0),(0,0,0),
}
{
(0,0,0),(0,0,0),(0,0,0),(151,151,0),(49,49,0),(0,0,0),
(0,0,0),(0,0,0),(15,15,15),(12,12,12),(0,0,0),(0,0,0),
(0,0,0),(0,0,0),(25,25,25),(0,0,0),(0,0,0),(0,0,0),
(0,0,0),(0,0,0),(0,0,0),(0,0,0),(0,0,0),(0,0,0),
}
{
(0,0,0),(0,0,0),(0,0,0),(0,0,0),(201,201,0),(0,0,0),
(0,0,0),(0,0,0),(15,15,15),(12,12,12),(0,0,0),(0,0,0),
(0,0,0),(0,0,0),(25,25,25),(0,0,0),(0,0,0),(0,0,0),
(0,0,0),(0,0,0),(0,0,0),(0,0,0),(0,0,0),(0,0,0),
}
{
(0,0,0),(0,0,0),(0,0,0),(0,0,0),(49,49,0),(151,148,0),
(0,0,0),(0,0,0),(15,15,15),(12,12,12),(0,0,0),(0,0,0),
(0,0,0),(0,0,0),(25,25,25),(0,0,0),(0,0,0),(0,0,0),
(0,0,0),(0,0,0),(0,0,0),(0,0,0),(0,0,0),(0,0,0),
}
{
(0,0,0),(0,0,0),(0,0,0),(0,0,0),(0,0,0),(150,150,0),
(0,0,0),(0,0,0),(15,15,15),(12,12,12),(0,0,0),(0,0,0),
(0,0,0),(0,0,0),(25,25,25),(0,0,0),(0,0,0),(0,0,0),
(0,0,0),(0,0,0),(0,0,0),(0,0,0),(0,0,0),(0,0,0),
}
{
(0,0,0),(0,0,0),(0,0,0),(0,0,0),(0,0,0),(112,112,0),
(0,0,0),(0,0,0),(15,15,15),(12,12,12),(0,0,0),(74,74,0),
(0,0,0),(0,0,0),(25,25,25),(0,0,0),(0,0,0),(0,0,0),
(0,0,0),(0,0,0),(0,0,0),(0,0,0),(0,0,0),(0,0,0),
}
{
(0,0,0),(0,0,0),(0,0,0),(0,0,0),(0,0,0),(75,73,0),
(0,0,0),(0,0,0),(15,15,15),(12,12,12),(0,0,0),(132,132,0),
(0,0,0),(0,0,0),(25,25,25),(0,0,0),(0,0,0),(0,0,0),
(0,0,0),(0,0,0),(0,0,0),(0,0,0),(0,0,0),(0,0,0),
}
{
(0,0,0),(0,0,0),(0,0,0),(0,0,0),(0,0,0),(0,0,0),
(0,0,0),(0,0,0),(15,15,15),(12,12,12),(0,0,0),(150,150,0),
(0,0,0),(0,0,0),(25,25,25),(0,0,0),(0,0,0),(37,37,0),
(0,0,0),(0,0,0),(0,0,0),(0,0,0),(0,0,0),(0,0,0),
}
{
(0,0,0),(0,0,0),(0,0,0),(0,0,0),(0,0,0),(0,0,0),
(0,0,0),(0,0,0),(15,15,15),(12,12,12),(0,0,0),(112,112,0),
(0,0,0),(0,0,0),(25,25,25),(0,0,0),(0,0,0),(112,112,0),
(0,0,0),(0,0,0),(0,0,0),(0,0,0),(0,0,0),(0,0,0),
}
{
(0,0,0),(0,0,0),(0,0,0),(0,0,0),(0,0,0),(0,0,0),
(0,0,0),(0,0,0),(15,15,15),(12,12,12),(0,0,0),(37,35,0),
(0,0,0),(0,0,0),(25,25,25),(0,0,0),(0,0,0),(150,150,0),
(0,0,0),(0,0,0),(0,0,0),(0,0,0),(0,0,0),(0,0,0),
}
{
(0,0,0),(0,0,0),(0,0,0),(0,0,0),(0,0,0),(0,0,0),
(0,0,0),(0,0,0),(15,15,15),(12,12,12),(0,0,0),(0,0,0),
(0,0,0),(0,0,0),(25,25,25),(0,0,0),(0,0,0),(127,127,0),
(0,0,0),(0,0,0),(0,0,0),(0,0,0),(0,0,0),(74,74,0),
}
{
(0,0,0),(0,0,0),(0,0,0),(0,0,0),(0,0,0),(0,0,0),
(0,0,0),(0,0,0),(15,15,15),(12,12,12),(0,0,0),(0,0,0),
(0,0,0),(0,0,0),(25,25,25),(0,0,0),(0,0,0),(75,75,0),
(0,0,0),(0,0,0),(0,0,0),(0,0,0),(0,0,0),(113,113,0),
}
{
(0,0,0),(0,0,0),(0,0,0),(0,0,0),(0,0,0),(0,0,0),
(0,0,0),(0,0,0),(15,15,15),(12,12,12),(0,0,0),(0,0,0),
(0,0,0),(0,0,0),(25,25,25),(0,0,0),(0,0,0),(0,0,0),
(0,0,0),(0,0,0),(0,0,0),(0,0,0),(0,0,0),(150,150,0),
}
{
(0,0,0),(0,0,0),(0,0,0),(0,0,0),(0,0,0),(0,0,0),
(0,0,0),(0,0,0),(15,15,15),(12,12,12),(0,0,0),(0,0,0),
(0,0,0),(0,0,0),(25,25,25),(0,0,0),(0,0,0),(0,0,0),
(0,0,0),(0,0,0),(0,0,0),(0,0,0),(49,49,0),(150,150,0),
}
{
(0,0,0),(0,0,0),(0,0,0),(0,0,0),(0,0,0),(0,0,0),
(0,0,0),(0,0,0),(15,15,15),(12,12,12),(0,0,0),(0,0,0),
(0,0,0),(0,0,0),(25,25,25),(0,0,0),(0,0,0),(0,0,0),
(0,0,0),(0,0,0),(0,0,0),(0,0,0),(201,201,0),(0,0,0),
}
{
(0,0,0),(0,0,0),(0,0,0),(0,0,0),(0,0,0),(0,0,0),
(0,0,0),(0,0,0),(15,15,15),(12,12,12),(0,0,0),(0,0,0),
(0,0,0),(0,0,0),(25,25,25),(0,0,0),(0,0,0),(0,0,0),
(0,0,0),(0,0,0),(0,0,0),(151,151,0),(49,49,0),(0,0,0),
}
{
(0,0,0),(0,0,0),(0,0,0),(0,0,0),(0,0,0),(0,0,0),
(0,0,0),(0,0,0),(15,15,15),(12,12,12),(0,0,0),(0,0,0),
(0,0,0),(0,0,0),(25,25,25),(0,0,0),(0,0,0),(0,0,0),
(0,0,0),(0,0,0),(0,0,0),(151,151,0),(0,0,0),(0,0,0),
}
{
(0,0,0),(0,0,0),(0,0,0),(0,0,0),(0,0,0),(0,0,0),
(0,0,0),(0,0,0),(15,15,15),(12,12,12),(0,0,0),(0,0,0),
(0,0,0),(0,0,0),(25,25,25),(0,0,0),(0,0,0),(0,0,0),
(0,0,0),(0,0,0),(201,201,0),(0,0,0),(0,0,0),(0,0,0),
}
{
(0,0,0),(0,0,0),(0,0,0),(0,0,0),(0,0,0),(0,0,0),
(0,0,0),(0,0,0),(15,15,15),(12,12,12),(0,0,0),(0,0,0),
(0,0,0),(0,0,0),(25,25,25),(0,0,0),(0,0,0),(0,0,0),
(0,0,0),(100,100,0),(100,100,0),(0,0,0),(0,0,0),(0,0,0),
}
{
(0,0,0),(0,0,0),(0,0,0),(0,0,0),(0,0,0),(0,0,0),
(0,0,0),(0,0,0),(15,15,15),(12,12,12),(0,0,0),(0,0,0),
(0,0,0),(0,0,0),(25,25,25),(0,0,0),(0,0,0),(0,0,0),
(49,49,0),(150,150,0),(0,0,0),(0,0,0),(0,0,0),(0,0,0),
}
{
(0,0,0),(0,0,0),(0,0,0),(0,0,0),(0,0,0),(0,0,0),
(0,0,0),(0,0,0),(15,15,15),(12,12,12),(0,0,0),(0,0,0),
(0,0,0),(0,0,0),(25,25,25),(0,0,0),(0,0,0),(0,0,0),
(201,201,0),(0,0,0),(0,0,0),(0,0,0),(0,0,0),(0,0,0),
}
{
(0,0,0),(0,0,0),(0,0,0),(0,0,0),(0,0,0),(0,0,0),
(0,0,0),(0,0,0),(15,15,15),(12,12,12),(0,0,0),(0,0,0),
(49,49,0),(0,0,0),(25,25,25),(0,0,0),(0,0,0),(0,0,0),
(201,201,0),(0,0,0),(0,0,0),(0,0,0),(0,0,0),(0,0,0),
}
{
(0,0,0),(0,0,0),(0,0,0),(0,0,0),(0,0,0),(0,0,0),
(0,0,0),(0,0,0),(15,15,15),(12,12,12),(0,0,0),(0,0,0),
(150,150,0),(0,0,0),(25,25,25),(0,0,0),(0,0,0),(0,0,0),
(100,100,0),(0,0,0),(0,0,0),(0,0,0),(0,0,0),(0,0,0),
}
{
(0,0,0),(0,0,0),(0,0,0),(0,0,0),(0,0,0),(0,0,0),
(49,50,0),(0,0,0),(15,15,15),(12,12,12),(0,0,0),(0,0,0),
(201,201,0),(0,0,0),(25,25,25),(0,0,0),(0,0,0),(0,0,0),
(49,49,0),(0,0,0),(0,0,0),(0,0,0),(0,0,0),(0,0,0),
}
{
(0,0,0),(0,0,0),(0,0,0),(0,0,0),(0,0,0),(0,0,0),
(100,100,0),(0,0,0),(15,15,15),(12,12,12),(0,0,0),(0,0,0),
(151,148,0),(0,0,0),(25,25,25),(0,0,0),(0,0,0),(0,0,0),
(0,0,0),(0,0,0),(0,0,0),(0,0,0),(0,0,0),(0,0,0),
}
{
(0,0,0),(0,0,0),(0,0,0),(0,0,0),(0,0,0),(0,0,0),
(201,201,0),(0,0,0),(15,15,15),(12,12,12),(0,0,0),(0,0,0),
(100,100,0),(0,0,0),(25,25,25),(0,0,0),(0,0,0),(0,0,0),
(0,0,0),(0,0,0),(0,0,0),(0,0,0),(0,0,0),(0,0,0),
}
{
(49,49,0),(0,0,0),(0,0,0),(0,0,0),(0,0,0),(0,0,0),
(201,201,0),(0,0,0),(15,15,15),(12,12,12),(0,0,0),(0,0,0),
(0,0,0),(0,0,0),(25,25,25),(0,0,0),(0,0,0),(0,0,0),
(0,0,0),(0,0,0),(0,0,0),(0,0,0),(0,0,0),(0,0,0),
}
{
(150,150,0),(0,0,0),(0,0,0),(0,0,0),(0,0,0),(0,0,0),
(101,99,0),(0,0,0),(15,15,15),(12,12,12),(0,0,0),(0,0,0),
(0,0,0),(0,0,0),(25,25,25),(0,0,0),(0,0,0),(0,0,0),
(0,0,0),(0,0,0),(0,0,0),(0,0,0),(0,0,0),(0,0,0),
}
{
(201,201,0),(0,0,0),(0,0,0),(0,0,0),(0,0,0),(0,0,0),
(50,48,0),(0,0,0),(15,15,15),(12,12,12),(0,0,0),(0,0,0),
(0,0,0),(0,0,0),(25,25,25),(0,0,0),(0,0,0),(0,0,0),
(0,0,0),(0,0,0),(0,0,0),(0,0,0),(0,0,0),(0,0,0),
}
{
(201,190,0),(0,0,0),(0,0,0),(0,0,0),(0,0,0),(0,0,0),
(0,0,0),(0,0,0),(13,13,13),(11,11,11),(0,0,0),(0,0,0),
(0,0,0),(0,0,0),(22,22,22),(0,0,0),(0,0,0),(0,0,0),
(0,0,0),(0,0,0),(0,0,0),(0,0,0),(0,0,0),(0,0,0),
}
{
(202,144,0),(0,0,0),(0,0,0),(0,0,0),(0,0,0),(0,0,0),
(0,0,0),(0,0,0),(6,6,6),(4,4,4),(0,0,0),(0,0,0),
(0,0,0),(0,0,0),(10,10,10),(0,0,0),(0,0,0),(0,0,0),
(0,0,0),(0,0,0),(0,0,0),(0,0,0),(0,0,0),(0,0,0),
}
{
(201,26,0),(0,0,0),(0,0,0),(0,0,0),(0,0,0),(0,0,0),
(0,0,0),(0,0,0),(0,0,0),(0,0,0),(0,0,0),(0,0,0),
(0,0,0),(0,0,0),(0,0,0),(0,0,0),(0,0,0),(0,0,0),
(0,0,0),(0,0,0),(0,0,0),(0,0,0),(0,0,0),(0,0,0),
}
{
(201,0,97),(0,0,0),(0,0,0),(0,0,0),(0,0,0),(0,0,0),
(0,0,0),(0,0,0),(0,0,0),(0,0,0),(0,0,0),(0,0,0),
(0,0,0),(0,0,0),(0,0,0),(0,0,0),(0,0,0),(0,0,0),
(0,0,0),(0,0,0),(0,0,0),(0,0,0),(0,0,0),(0,0,0),
}
{
(202,0,154),(0,0,0),(0,0,0),(0,0,0),(0,0,0),(0,0,0),
(0,0,0),(0,0,0),(6,6,6),(5,5,5),(0,0,0),(0,0,0),
(0,0,0),(0,0,0),(11,11,11),(13,13,13),(0,0,0),(0,0,0),
(0,0,0),(0,0,0),(0,0,0),(0,0,0),(0,0,0),(0,0,0),
}
{
(201,0,180),(0,0,0),(0,0,0),(0,0,0),(0,0,0),(0,0,0),
(0,0,0),(0,0,0),(11,11,11),(9,9,9),(0,0,0),(0,0,0),
(0,0,0),(0,0,0),(18,18,18),(22,22,22),(0,0,0),(0,0,0),
(0,0,0),(0,0,0),(0,0,0),(0,0,0),(0,0,0),(0,0,0),
}
{
(201,0,194),(0,0,0),(0,0,0),(0,0,0),(0,0,0),(0,0,0),
(0,0,0),(0,0,0),(14,14,14),(11,11,11),(0,0,0),(0,0,0),
(0,0,0),(0,0,0),(23,23,23),(27,27,27),(0,0,0),(0,0,0),
(0,0,0),(0,0,0),(0,0,0),(0,0,0),(0,0,0),(0,0,0),
}
{
(201,0,197),(0,0,0),(0,0,0),(0,0,0),(0,0,0),(0,0,0),
(0,0,0),(0,0,0),(15,15,15),(12,12,12),(0,0,0),(0,0,0),
(0,0,0),(0,0,0),(25,25,25),(30,30,30),(0,0,0),(0,0,0),
(0,0,0),(0,0,0),(0,0,0),(0,0,0),(0,0,0),(0,0,0),
}
{
(153,0,150),(43,0,45),(0,0,0),(0,0,0),(0,0,0),(0,0,0),
(0,0,0),(0,0,0),(15,15,15),(12,12,12),(0,0,0),(0,0,0),
(0,0,0),(0,0,0),(25,25,25),(30,30,30),(0,0,0),(0,0,0),
(0,0,0),(0,0,0),(0,0,0),(0,0,0),(0,0,0),(0,0,0),
}
{
(0,0,0),(201,0,201),(0,0,0),(0,0,0),(0,0,0),(0,0,0),
(0,0,0),(0,0,0),(15,15,15),(12,12,12),(0,0,0),(0,0,0),
(0,0,0),(0,0,0),(25,25,25),(30,30,30),(0,0,0),(0,0,0),
(0,0,0),(0,0,0),(0,0,0),(0,0,0),(0,0,0),(0,0,0),
}
{
(0,0,0),(62,0,60),(117,0,115),(0,0,0),(0,0,0),(0,0,0),
(0,0,0),(0,0,0),(15,15,15),(12,12,12),(0,0,0),(0,0,0),
(0,0,0),(0,0,0),(25,25,25),(30,30,30),(0,0,0),(0,0,0),
(0,0,0),(0,0,0),(0,0,0),(0,0,0),(0,0,0),(0,0,0),
}
{
(0,0,0),(0,0,0),(152,0,149),(0,0,0),(0,0,0),(0,0,0),
(0,0,0),(0,0,0),(15,15,15),(12,12,12),(0,0,0),(0,0,0),
(0,0,0),(0,0,0),(25,25,25),(30,30,30),(0,0,0),(0,0,0),
(0,0,0),(0,0,0),(0,0,0),(0,0,0),(0,0,0),(0,0,0),
}
{
(0,0,0),(0,0,0),(0,0,0),(152,0,149),(0,0,0),(0,0,0),
(0,0,0),(0,0,0),(15,15,15),(12,12,12),(0,0,0),(0,0,0),
(0,0,0),(0,0,0),(25,25,25),(30,30,30),(0,0,0),(0,0,0),
(0,0,0),(0,0,0),(0,0,0),(0,0,0),(0,0,0),(0,0,0),
}
{
(0,0,0),(0,0,0),(0,0,0),(101,0,99),(101,0,99),(0,0,0),
(0,0,0),(0,0,0),(15,15,15),(12,12,12),(0,0,0),(0,0,0),
(0,0,0),(0,0,0),(25,25,25),(30,30,30),(0,0,0),(0,0,0),
(0,0,0),(0,0,0),(0,0,0),(0,0,0),(0,0,0),(0,0,0),
}
{
(0,0,0),(0,0,0),(0,0,0),(0,0,0),(201,0,197),(0,0,0),
(0,0,0),(0,0,0),(15,15,15),(12,12,12),(0,0,0),(0,0,0),
(0,0,0),(0,0,0),(25,25,25),(30,30,30),(0,0,0),(0,0,0),
(0,0,0),(0,0,0),(0,0,0),(0,0,0),(0,0,0),(0,0,0),
}
{
(0,0,0),(0,0,0),(0,0,0),(0,0,0),(0,0,0),(202,0,198),
(0,0,0),(0,0,0),(15,15,15),(12,12,12),(0,0,0),(0,0,0),
(0,0,0),(0,0,0),(25,25,25),(30,30,30),(0,0,0),(0,0,0),
(0,0,0),(0,0,0),(0,0,0),(0,0,0),(0,0,0),(0,0,0),
}
{
(0,0,0),(0,0,0),(0,0,0),(0,0,0),(0,0,0),(152,0,149),
(0,0,0),(0,0,0),(15,15,15),(12,12,12),(0,0,0),(35,0,37),
(0,0,0),(0,0,0),(25,25,25),(30,30,30),(0,0,0),(0,0,0),
(0,0,0),(0,0,0),(0,0,0),(0,0,0),(0,0,0),(0,0,0),
}
{
(0,0,0),(0,0,0),(0,0,0),(0,0,0),(0,0,0),(113,0,113),
(0,0,0),(0,0,0),(15,15,15),(12,12,12),(0,0,0),(75,0,75),
(0,0,0),(0,0,0),(25,25,25),(30,30,30),(0,0,0),(0,0,0),
(0,0,0),(0,0,0),(0,0,0),(0,0,0),(0,0,0),(0,0,0),
}
{
(0,0,0),(0,0,0),(0,0,0),(0,0,0),(0,0,0),(39,0,41),
(0,0,0),(0,0,0),(15,15,15),(12,12,12),(0,0,0),(152,0,149),
(0,0,0),(0,0,0),(25,25,25),(30,30,30),(0,0,0),(0,0,0),
(0,0,0),(0,0,0),(0,0,0),(0,0,0),(0,0,0),(0,0,0),
}
{
(0,0,0),(0,0,0),(0,0,0),(0,0,0),(0,0,0),(0,0,0),
(0,0,0),(0,0,0),(15,15,15),(12,12,12),(0,0,0),(152,0,149),
(0,0,0),(0,0,0),(25,25,25),(30,30,30),(0,0,0),(37,0,37),
(0,0,0),(0,0,0),(0,0,0),(0,0,0),(0,0,0),(0,0,0),
}
{
(0,0,0),(0,0,0),(0,0,0),(0,0,0),(0,0,0),(0,0,0),
(0,0,0),(0,0,0),(15,15,15),(12,12,12),(0,0,0),(75,0,75),
(0,0,0),(0,0,0),(25,25,25),(30,30,30),(0,0,0),(113,0,113),
(0,0,0),(0,0,0),(0,0,0),(0,0,0),(0,0,0),(0,0,0),
}
{
(0,0,0),(0,0,0),(0,0,0),(0,0,0),(0,0,0),(0,0,0),
(0,0,0),(0,0,0),(15,15,15),(12,12,12),(0,0,0),(37,0,37),
(0,0,0),(0,0,0),(25,25,25),(30,30,30),(0,0,0),(152,0,149),
(0,0,0),(0,0,0),(0,0,0),(0,0,0),(0,0,0),(31,0,29),
}
{
(0,0,0),(0,0,0),(0,0,0),(0,0,0),(0,0,0),(0,0,0),
(0,0,0),(0,0,0),(15,15,15),(12,12,12),(0,0,0),(0,0,0),
(0,0,0),(0,0,0),(25,25,25),(30,30,30),(0,0,0),(113,0,113),
(0,0,0),(0,0,0),(0,0,0),(0,0,0),(0,0,0),(75,0,75),
}
{
(0,0,0),(0,0,0),(0,0,0),(0,0,0),(0,0,0),(0,0,0),
(0,0,0),(0,0,0),(15,15,15),(12,12,12),(0,0,0),(0,0,0),
(0,0,0),(0,0,0),(25,25,25),(30,30,30),(0,0,0),(75,0,75),
(0,0,0),(0,0,0),(0,0,0),(0,0,0),(0,0,0),(151,0,151),
}
{
(0,0,0),(0,0,0),(0,0,0),(0,0,0),(0,0,0),(0,0,0),
(0,0,0),(0,0,0),(15,15,15),(12,12,12),(0,0,0),(0,0,0),
(0,0,0),(0,0,0),(25,25,25),(30,30,30),(0,0,0),(0,0,0),
(0,0,0),(0,0,0),(0,0,0),(0,0,0),(0,0,0),(152,0,149),
}
{
(0,0,0),(0,0,0),(0,0,0),(0,0,0),(0,0,0),(0,0,0),
(0,0,0),(0,0,0),(15,15,15),(12,12,12),(0,0,0),(0,0,0),
(0,0,0),(0,0,0),(25,25,25),(30,30,30),(0,0,0),(0,0,0),
(0,0,0),(0,0,0),(0,0,0),(0,0,0),(50,0,48),(152,0,149),
}
{
(0,0,0),(0,0,0),(0,0,0),(0,0,0),(0,0,0),(0,0,0),
(0,0,0),(0,0,0),(15,15,15),(12,12,12),(0,0,0),(0,0,0),
(0,0,0),(0,0,0),(25,25,25),(30,30,30),(0,0,0),(0,0,0),
(0,0,0),(0,0,0),(0,0,0),(0,0,0),(202,0,198),(0,0,0),
}
{
(0,0,0),(0,0,0),(0,0,0),(0,0,0),(0,0,0),(0,0,0),
(0,0,0),(0,0,0),(15,15,15),(12,12,12),(0,0,0),(0,0,0),
(0,0,0),(0,0,0),(25,25,25),(30,31,30),(0,0,0),(0,0,0),
(0,0,0),(0,0,0),(0,0,0),(183,0,179),(3,0,6),(0,0,0),
}
{
(0,0,0),(0,0,0),(0,0,0),(0,0,0),(0,0,0),(0,0,0),
(0,0,0),(0,0,0),(15,15,15),(12,12,12),(0,0,0),(0,0,0),
(0,0,0),(0,0,0),(25,25,25),(30,30,30),(0,0,0),(0,0,0),
(0,0,0),(0,0,0),(50,0,48),(101,0,99),(0,0,0),(0,0,0),
}
{
(0,0,0),(0,0,0),(0,0,0),(0,0,0),(0,0,0),(0,0,0),
(0,0,0),(0,0,0),(15,15,15),(12,12,12),(0,0,0),(0,0,0),
(0,0,0),(0,0,0),(25,26,25),(30,30,30),(0,0,0),(0,0,0),
(0,0,0),(0,0,0),(187,0,183),(0,0,0),(0,0,0),(0,0,0),
}
{
(0,0,0),(0,0,0),(0,0,0),(0,0,0),(0,0,0),(0,0,0),
(0,0,0),(0,0,0),(15,15,15),(12,12,12),(0,0,0),(0,0,0),
(0,0,0),(0,0,0),(25,25,25),(30,30,30),(0,0,0),(0,0,0),
(0,0,0),(152,0,149),(50,0,48),(0,0,0),(0,0,0),(0,0,0),
}
{
(0,0,0),(0,0,0),(0,0,0),(0,0,0),(0,0,0),(0,0,0),
(0,0,0),(0,0,0),(15,15,15),(12,12,12),(0,0,0),(0,0,0),
(0,0,0),(0,0,0),(25,25,25),(30,30,30),(0,0,0),(0,0,0),
(50,0,50),(151,0,148),(0,0,0),(0,0,0),(0,0,0),(0,0,0),
}
{
(0,0,0),(0,0,0),(0,0,0),(0,0,0),(0,0,0),(0,0,0),
(0,0,0),(0,0,0),(15,15,15),(12,12,12),(0,0,0),(0,0,0),
(0,0,0),(0,0,0),(25,25,25),(30,30,30),(0,0,0),(0,0,0),
(202,0,198),(0,0,0),(0,0,0),(0,0,0),(0,0,0),(0,0,0),
}
{
(0,0,0),(0,0,0),(0,0,0),(0,0,0),(0,0,0),(0,0,0),
(0,0,0),(0,0,0),(15,15,15),(12,12,12),(0,0,0),(0,0,0),
(100,0,98),(0,0,0),(25,25,25),(30,30,30),(0,0,0),(0,0,0),
(202,0,198),(0,0,0),(0,0,0),(0,0,0),(0,0,0),(0,0,0),
}
{
(0,0,0),(0,0,0),(0,0,0),(0,0,0),(0,0,0),(0,0,0),
(0,0,0),(0,0,0),(15,15,15),(12,12,12),(0,0,0),(0,0,0),
(152,0,149),(0,0,0),(25,25,25),(30,30,30),(0,0,0),(0,0,0),
(101,0,101),(0,0,0),(0,0,0),(0,0,0),(0,0,0),(0,0,0),
}
{
(0,0,0),(0,0,0),(0,0,0),(0,0,0),(0,0,0),(0,0,0),
(49,0,49),(0,0,0),(15,15,15),(12,12,12),(0,0,0),(0,0,0),
(202,0,198),(0,0,0),(25,25,25),(30,30,30),(0,0,0),(0,0,0),
(37,0,39),(0,0,0),(0,0,0),(0,0,0),(0,0,0),(0,0,0),
}
{
(0,0,0),(0,0,0),(0,0,0),(0,0,0),(0,0,0),(0,0,0),
(101,0,101),(0,0,0),(15,15,15),(12,12,12),(0,0,0),(0,0,0),
(152,0,149),(0,0,0),(25,25,25),(30,30,30),(0,0,0),(0,0,0),
(0,0,0),(0,0,0),(0,0,0),(0,0,0),(0,0,0),(0,0,0),
}
{
(0,0,0),(0,0,0),(0,0,0),(0,0,0),(0,0,0),(0,0,0),
(202,0,198),(0,0,0),(15,15,15),(12,12,12),(0,0,0),(0,0,0),
(50,0,50),(0,0,0),(25,25,25),(30,30,30),(0,0,0),(0,0,0),
(0,0,0),(0,0,0),(0,0,0),(0,0,0),(0,0,0),(0,0,0),
}
{
(100,0,98),(0,0,0),(0,0,0),(0,0,0),(0,0,0),(0,0,0),
(202,0,198),(0,0,0),(15,15,15),(12,12,12),(0,0,0),(0,0,0),
(0,0,0),(0,0,0),(25,25,25),(30,30,30),(0,0,0),(0,0,0),
(0,0,0),(0,0,0),(0,0,0),(0,0,0),(0,0,0),(0,0,0),
}
{
(152,0,149),(0,0,0),(0,0,0),(0,0,0),(0,0,0),(0,0,0),
(101,0,101),(0,0,0),(15,15,15),(12,12,12),(0,0,0),(0,0,0),
(0,0,0),(0,0,0),(25,25,25),(30,30,30),(0,0,0),(0,0,0),
(0,0,0),(0,0,0),(0,0,0),(0,0,0),(0,0,0),(0,0,0),
}
{
(202,0,198),(0,0,0),(0,0,0),(0,0,0),(0,0,0),(0,0,0),
(23,0,25),(0,0,0),(15,15,15),(12,12,12),(0,0,0),(0,0,0),
(0,0,0),(0,0,0),(25,25,25),(30,30,30),(0,0,0),(0,0,0),
(0,0,0),(0,0,0),(0,0,0),(0,0,0),(0,0,0),(0,0,0),
}
{
(188,0,202),(0,0,0),(0,0,0),(0,0,0),(0,0,0),(0,0,0),
(0,0,0),(0,0,0),(13,13,13),(11,11,11),(0,0,0),(0,0,0),
(0,0,0),(0,0,0),(22,22,22),(28,28,28),(0,0,0),(0,0,0),
(0,0,0),(0,0,0),(0,0,0),(0,0,0),(0,0,0),(0,0,0),
}
{
(127,0,201),(0,0,0),(0,0,0),(0,0,0),(0,0,0),(0,0,0),
(0,0,0),(0,0,0),(3,3,3),(2,2,2),(0,0,0),(0,0,0),
(0,0,0),(0,0,0),(5,5,5),(6,6,6),(0,0,0),(0,0,0),
(0,0,0),(0,0,0),(0,0,0),(0,0,0),(0,0,0),(0,0,0),
}
{
(6,0,200),(0,0,0),(0,0,0),(0,0,0),(0,0,0),(0,0,0),
(0,0,0),(0,0,0),(0,0,0),(0,0,0),(0,0,0),(0,0,0),
(0,0,0),(0,0,0),(0,0,0),(0,0,0),(0,0,0),(0,0,0),
(0,0,0),(0,0,0),(0,0,0),(0,0,0),(0,0,0),(0,0,0),
}
{
(0,113,201),(0,0,0),(0,0,0),(0,0,0),(0,0,0),(0,0,0),
(0,0,0),(0,0,0),(1,1,1),(1,1,1),(0,0,0),(0,0,0),
(0,0,0),(0,0,0),(3,3,3),(2,2,2),(0,0,0),(0,0,0),
(0,0,0),(0,0,0),(0,0,0),(0,0,0),(0,0,0),(0,0,0),
}
{
(0,160,201),(0,0,0),(0,0,0),(0,0,0),(0,0,0),(0,0,0),
(0,0,0),(0,0,0),(8,8,8),(6,6,6),(0,0,0),(0,0,0),
(0,0,0),(0,0,0),(25,25,25),(12,12,12),(0,0,0),(0,0,0),
(0,0,0),(0,0,0),(0,0,0),(0,0,0),(0,0,0),(0,0,0),
}
{
(0,185,202),(0,0,0),(0,0,0),(0,0,0),(0,0,0),(0,0,0),
(0,0,0),(0,0,0),(11,11,11),(10,10,10),(0,0,0),(0,0,0),
(0,0,0),(0,0,0),(39,39,39),(19,19,19),(0,0,0),(0,0,0),
(0,0,0),(0,0,0),(0,0,0),(0,0,0),(0,0,0),(0,0,0),
}
{
(0,194,201),(0,0,0),(0,0,0),(0,0,0),(0,0,0),(0,0,0),
(0,0,0),(0,0,0),(14,14,14),(12,12,12),(0,0,0),(0,0,0),
(0,0,0),(0,0,0),(47,47,47),(23,23,23),(0,0,0),(0,0,0),
(0,0,0),(0,0,0),(0,0,0),(0,0,0),(0,0,0),(0,0,0),
}
{
(0,202,202),(0,0,0),(0,0,0),(0,0,0),(0,0,0),(0,0,0),
(0,0,0),(0,0,0),(14,14,14),(12,12,12),(0,0,0),(0,0,0),
(0,0,0),(0,0,0),(49,49,49),(25,25,25),(0,0,0),(0,0,0),
(0,0,0),(0,0,0),(0,0,0),(0,0,0),(0,0,0),(0,0,0),
}
{
(0,152,152),(0,50,50),(0,0,0),(0,0,0),(0,0,0),(0,0,0),
(0,0,0),(0,0,0),(15,15,15),(13,13,13),(0,0,0),(0,0,0),
(0,0,0),(0,0,0),(50,50,50),(25,25,25),(0,0,0),(0,0,0),
(0,0,0),(0,0,0),(0,0,0),(0,0,0),(0,0,0),(0,0,0),
}
{
(0,0,0),(0,201,197),(0,0,0),(0,0,0),(0,0,0),(0,0,0),
(0,0,0),(0,0,0),(15,15,15),(13,13,13),(0,0,0),(0,0,0),
(0,0,0),(0,0,0),(50,50,50),(25,25,25),(0,0,0),(0,0,0),
(0,0,0),(0,0,0),(0,0,0),(0,0,0),(0,0,0),(0,0,0),
}
{
(0,0,0),(0,50,50),(0,152,152),(0,0,0),(0,0,0),(0,0,0),
(0,0,0),(0,0,0),(15,15,15),(13,13,13),(0,0,0),(0,0,0),
(0,0,0),(0,0,0),(50,50,50),(25,25,25),(0,0,0),(0,0,0),
(0,0,0),(0,0,0),(0,0,0),(0,0,0),(0,0,0),(0,0,0),
}
{
(0,0,0),(0,0,0),(0,101,101),(0,45,45),(0,0,0),(0,0,0),
(0,0,0),(0,0,0),(15,15,15),(13,13,13),(0,0,0),(0,0,0),
(0,0,0),(0,0,0),(50,50,50),(25,25,25),(0,0,0),(0,0,0),
(0,0,0),(0,0,0),(0,0,0),(0,0,0),(0,0,0),(0,0,0),
}
{
(0,0,0),(0,0,0),(0,0,0),(0,202,202),(0,0,0),(0,0,0),
(0,0,0),(0,0,0),(15,15,15),(13,13,13),(0,0,0),(0,0,0),
(0,0,0),(0,0,0),(50,50,50),(25,25,25),(0,0,0),(0,0,0),
(0,0,0),(0,0,0),(0,0,0),(0,0,0),(0,0,0),(0,0,0),
}
{
(0,0,0),(0,0,0),(0,0,0),(0,63,63),(0,110,108),(0,0,0),
(0,0,0),(0,0,0),(15,15,15),(13,13,13),(0,0,0),(0,0,0),
(0,0,0),(0,0,0),(50,50,50),(25,25,25),(0,0,0),(0,0,0),
(0,0,0),(0,0,0),(0,0,0),(0,0,0),(0,0,0),(0,0,0),
}
{
(0,0,0),(0,0,0),(0,0,0),(0,0,0),(0,152,152),(0,50,50),
(0,0,0),(0,0,0),(15,15,15),(13,13,13),(0,0,0),(0,0,0),
(0,0,0),(0,0,0),(50,50,50),(25,25,25),(0,0,0),(0,0,0),
(0,0,0),(0,0,0),(0,0,0),(0,0,0),(0,0,0),(0,0,0),
}
{
(0,0,0),(0,0,0),(0,0,0),(0,0,0),(0,0,0),(0,202,202),
(0,0,0),(0,0,0),(15,15,15),(13,13,13),(0,0,0),(0,0,0),
(0,0,0),(0,0,0),(50,50,50),(25,25,25),(0,0,0),(0,0,0),
(0,0,0),(0,0,0),(0,0,0),(0,0,0),(0,0,0),(0,0,0),
}
{
(0,0,0),(0,0,0),(0,0,0),(0,0,0),(0,0,0),(0,152,152),
(0,0,0),(0,0,0),(15,15,15),(13,13,13),(0,0,0),(0,37,37),
(0,0,0),(0,0,0),(50,50,50),(25,25,25),(0,0,0),(0,0,0),
(0,0,0),(0,0,0),(0,0,0),(0,0,0),(0,0,0),(0,0,0),
}
{
(0,0,0),(0,0,0),(0,0,0),(0,0,0),(0,0,0),(0,114,114),
(0,0,0),(0,0,0),(15,15,15),(13,13,13),(0,0,0),(0,113,113),
(0,0,0),(0,0,0),(50,50,50),(25,25,25),(0,0,0),(0,0,0),
(0,0,0),(0,0,0),(0,0,0),(0,0,0),(0,0,0),(0,0,0),
}
{
(0,0,0),(0,0,0),(0,0,0),(0,0,0),(0,0,0),(0,37,37),
(0,0,0),(0,0,0),(15,15,15),(13,13,13),(0,0,0),(0,152,152),
(0,0,0),(0,0,0),(50,50,50),(25,25,25),(0,0,0),(0,0,0),
(0,0,0),(0,0,0),(0,0,0),(0,0,0),(0,0,0),(0,0,0),
}
{
(0,0,0),(0,0,0),(0,0,0),(0,0,0),(0,0,0),(0,0,0),
(0,0,0),(0,0,0),(15,15,15),(13,13,13),(0,0,0),(0,152,152),
(0,0,0),(0,0,0),(50,50,50),(25,25,25),(0,0,0),(0,75,75),
(0,0,0),(0,0,0),(0,0,0),(0,0,0),(0,0,0),(0,0,0),
}
{
(0,0,0),(0,0,0),(0,0,0),(0,0,0),(0,0,0),(0,0,0),
(0,0,0),(0,0,0),(15,15,15),(13,13,13),(0,0,0),(0,75,75),
(0,0,0),(0,0,0),(50,50,50),(25,25,25),(0,0,0),(0,113,113),
(0,0,0),(0,0,0),(0,0,0),(0,0,0),(0,0,0),(0,0,0),
}
{
(0,0,0),(0,0,0),(0,0,0),(0,0,0),(0,0,0),(0,0,0),
(0,0,0),(0,0,0),(15,15,15),(13,13,13),(0,0,0),(4,16,16),
(0,0,0),(0,0,0),(50,50,50),(25,25,25),(0,0,0),(0,152,152),
(0,0,0),(0,0,0),(0,0,0),(0,0,0),(0,0,0),(0,37,37),
}
{
(0,0,0),(0,0,0),(0,0,0),(0,0,0),(0,0,0),(0,0,0),
(0,0,0),(0,0,0),(15,15,15),(13,13,13),(0,0,0),(0,0,0),
(0,0,0),(0,0,0),(50,50,50),(25,25,25),(0,0,0),(0,114,114),
(0,0,0),(0,0,0),(0,0,0),(0,0,0),(0,0,0),(0,75,75),
}
{
(0,0,0),(0,0,0),(0,0,0),(0,0,0),(0,0,0),(0,0,0),
(0,0,0),(0,0,0),(15,15,15),(13,13,13),(0,0,0),(0,0,0),
(0,0,0),(0,0,0),(50,50,50),(25,25,25),(0,0,0),(0,37,37),
(0,0,0),(0,0,0),(0,0,0),(0,0,0),(0,0,0),(0,152,152),
}
{
(0,0,0),(0,0,0),(0,0,0),(0,0,0),(0,0,0),(0,0,0),
(0,0,0),(0,0,0),(15,15,15),(13,13,13),(0,0,0),(0,0,0),
(0,0,0),(0,0,0),(50,50,50),(25,25,25),(0,0,0),(0,0,0),
(0,0,0),(0,0,0),(0,0,0),(0,0,0),(0,0,0),(0,152,152),
}
{
(0,0,0),(0,0,0),(0,0,0),(0,0,0),(0,0,0),(0,0,0),
(0,0,0),(0,0,0),(15,15,15),(13,13,13),(0,0,0),(0,0,0),
(0,0,0),(0,0,0),(50,50,50),(25,25,25),(0,0,0),(0,0,0),
(0,0,0),(0,0,0),(0,0,0),(0,0,0),(0,101,101),(0,101,101),
}
{
(0,0,0),(0,0,0),(0,0,0),(0,0,0),(0,0,0),(0,0,0),
(0,0,0),(0,0,0),(15,15,15),(13,13,13),(0,0,0),(0,0,0),
(0,0,0),(0,0,0),(50,50,50),(25,25,25),(0,0,0),(0,0,0),
(0,0,0),(0,0,0),(0,0,0),(0,49,50),(0,152,152),(0,0,0),
}
{
(0,0,0),(0,0,0),(0,0,0),(0,0,0),(0,0,0),(0,0,0),
(0,0,0),(0,0,0),(15,15,15),(13,13,13),(0,0,0),(0,0,0),
(0,0,0),(0,0,0),(50,50,50),(25,25,25),(0,0,0),(0,0,0),
(0,0,0),(0,0,0),(0,0,0),(0,201,201),(0,0,0),(0,0,0),
}
{
(0,0,0),(0,0,0),(0,0,0),(0,0,0),(0,0,0),(0,0,0),
(0,0,0),(0,0,0),(15,15,15),(13,13,13),(0,0,0),(0,0,0),
(0,0,0),(0,0,0),(51,51,50),(25,25,25),(0,0,0),(0,0,0),
(0,0,0),(0,0,0),(0,100,98),(0,50,51),(0,0,0),(0,0,0),
}
{
(0,0,0),(0,0,0),(0,0,0),(0,0,0),(0,0,0),(0,0,0),
(0,0,0),(0,0,0),(15,15,15),(13,13,13),(0,0,0),(0,0,0),
(0,0,0),(0,0,0),(51,50,51),(25,25,25),(0,0,0),(0,0,0),
(0,0,0),(0,0,0),(0,202,202),(0,0,0),(0,0,0),(0,0,0),
}
{
(0,0,0),(0,0,0),(0,0,0),(0,0,0),(0,0,0),(0,0,0),
(0,0,0),(0,0,0),(15,15,15),(13,13,13),(0,0,0),(0,0,0),
(0,0,0),(0,0,0),(50,50,50),(25,25,25),(0,0,0),(0,0,0),
(0,0,0),(0,173,173),(0,7,8),(0,0,0),(0,0,0),(0,0,0),
}
{
(0,0,0),(0,0,0),(0,0,0),(0,0,0),(0,0,0),(0,0,0),
(0,0,0),(0,0,0),(15,15,15),(13,13,13),(0,0,0),(0,0,0),
(0,0,0),(0,0,0),(50,50,50),(25,25,25),(0,0,0),(0,0,0),
(0,101,101),(0,100,100),(0,0,0),(0,0,0),(0,0,0),(0,0,0),
}
{
(0,0,0),(0,0,0),(0,0,0),(0,0,0),(0,0,0),(0,0,0),
(0,0,0),(0,0,0),(15,15,15),(13,13,13),(0,0,0),(0,0,0),
(0,0,0),(0,0,0),(50,50,50),(25,25,25),(0,0,0),(0,0,0),
(0,202,202),(0,0,0),(0,0,0),(0,0,0),(0,0,0),(0,0,0),
}
{
(0,0,0),(0,0,0),(0,0,0),(0,0,0),(0,0,0),(0,0,0),
(0,0,0),(0,0,0),(15,15,15),(13,13,13),(0,0,0),(0,0,0),
(0,101,101),(0,0,0),(50,50,50),(25,25,25),(0,0,0),(0,0,0),
(0,152,152),(0,0,0),(0,0,0),(0,0,0),(0,0,0),(0,0,0),
}
{
(0,0,0),(0,0,0),(0,0,0),(0,0,0),(0,0,0),(0,0,0),
(0,0,0),(0,0,0),(15,15,15),(13,13,13),(0,0,0),(0,0,0),
(0,169,166),(0,0,0),(50,50,50),(25,25,25),(0,0,0),(0,0,0),
(0,101,101),(0,0,0),(0,0,0),(0,0,0),(0,0,0),(0,0,0),
}
{
(0,0,0),(0,0,0),(0,0,0),(0,0,0),(0,0,0),(0,0,0),
(0,49,50),(0,0,0),(15,15,15),(13,13,13),(0,0,0),(0,0,0),
(0,202,202),(0,0,0),(50,50,50),(25,25,25),(0,0,0),(0,0,0),
(0,0,0),(0,0,0),(0,0,0),(0,0,0),(0,0,0),(0,0,0),
}
{
(0,0,0),(0,0,0),(0,0,0),(0,0,0),(0,0,0),(0,0,0),
(0,152,149),(0,0,0),(15,15,15),(13,13,13),(0,0,0),(0,0,0),
(0,152,149),(0,0,0),(50,50,50),(25,25,25),(0,0,0),(0,0,0),
(0,0,0),(0,0,0),(0,0,0),(0,0,0),(0,0,0),(0,0,0),
}
{
(0,0,0),(0,0,0),(0,0,0),(0,0,0),(0,0,0),(0,0,0),
(0,202,202),(0,0,0),(15,15,15),(12,12,12),(0,0,0),(0,0,0),
(0,50,50),(0,0,0),(50,50,50),(25,25,25),(0,0,0),(0,0,0),
(0,0,0),(0,0,0),(0,0,0),(0,0,0),(0,0,0),(0,0,0),
}
#====================================================================
