#====================================================================
# Create at 2022/10/26 18:29:36
#====================================================================
< "fps":20 >
< "frame":274 >
< "rows":4 >
< "columns":6 >
#====================================================================
{
(0,0,201),(0,0,0),(0,0,0),(0,0,0),(0,0,0),(0,0,0),
(0,0,201),(0,0,0),(0,0,0),(0,0,0),(0,0,0),(0,0,0),
(0,0,201),(0,0,0),(0,0,0),(0,0,0),(0,0,0),(0,0,0),
(0,0,201),(0,0,0),(0,0,0),(0,0,0),(0,0,0),(0,0,0),
}
{
(0,0,201),(0,0,0),(0,0,0),(0,0,0),(0,0,0),(0,0,0),
(0,0,201),(0,0,0),(0,0,0),(0,0,0),(0,0,0),(0,0,0),
(0,0,201),(0,0,0),(0,0,0),(0,0,0),(0,0,0),(0,0,0),
(0,0,201),(0,0,0),(0,0,0),(0,0,0),(0,0,0),(0,0,0),
}
{
(0,0,201),(0,0,0),(0,0,0),(0,0,0),(0,0,0),(0,0,0),
(0,0,201),(0,0,0),(0,0,0),(0,0,0),(0,0,0),(0,0,0),
(0,0,201),(0,0,0),(0,0,0),(0,0,0),(0,0,0),(0,0,0),
(0,0,201),(0,0,0),(0,0,0),(0,0,0),(0,0,0),(0,0,0),
}
{
(0,0,201),(0,0,0),(0,0,0),(0,0,0),(0,0,0),(0,0,0),
(0,0,201),(0,0,0),(0,0,0),(0,0,0),(0,0,0),(0,0,0),
(0,0,201),(0,0,0),(0,0,0),(0,0,0),(0,0,0),(0,0,0),
(0,0,201),(0,0,0),(0,0,0),(0,0,0),(0,0,0),(0,0,0),
}
{
(0,0,201),(0,0,0),(0,0,0),(0,0,0),(0,0,0),(0,0,0),
(0,0,201),(0,0,0),(0,0,0),(0,0,0),(0,0,0),(0,0,0),
(0,0,201),(0,0,0),(0,0,0),(0,0,0),(0,0,0),(0,0,0),
(0,0,201),(0,0,0),(0,0,0),(0,0,0),(0,0,0),(0,0,0),
}
{
(0,0,201),(0,0,0),(0,0,0),(0,0,0),(0,0,0),(0,0,0),
(0,0,201),(0,0,0),(0,0,0),(0,0,0),(0,0,0),(0,0,0),
(0,0,201),(0,0,0),(0,0,0),(0,0,0),(0,0,0),(0,0,0),
(0,0,201),(0,0,0),(0,0,0),(0,0,0),(0,0,0),(0,0,0),
}
{
(0,0,201),(0,0,0),(0,0,0),(0,0,0),(0,0,0),(0,0,0),
(0,0,201),(0,0,0),(0,0,0),(0,0,0),(0,0,0),(0,0,0),
(0,0,201),(0,0,0),(0,0,0),(0,0,0),(0,0,0),(0,0,0),
(0,0,201),(0,0,0),(0,0,0),(0,0,0),(0,0,0),(0,0,0),
}
{
(0,0,201),(0,0,0),(0,0,0),(0,0,0),(0,0,0),(0,0,0),
(0,0,201),(0,0,0),(0,0,0),(0,0,0),(0,0,0),(0,0,0),
(0,0,201),(0,0,0),(0,0,0),(0,0,0),(0,0,0),(0,0,0),
(0,0,201),(0,0,0),(0,0,0),(0,0,0),(0,0,0),(0,0,0),
}
{
(0,0,151),(0,0,49),(0,0,0),(0,0,0),(0,0,0),(0,0,0),
(0,0,151),(0,0,49),(0,0,0),(0,0,0),(0,0,0),(0,0,0),
(0,0,151),(0,0,49),(0,0,0),(0,0,0),(0,0,0),(0,0,0),
(0,0,151),(0,0,49),(0,0,0),(0,0,0),(0,0,0),(0,0,0),
}
{
(0,0,100),(0,0,100),(0,0,0),(0,0,0),(0,0,0),(0,0,0),
(0,0,100),(0,0,100),(0,0,0),(0,0,0),(0,0,0),(0,0,0),
(0,0,100),(0,0,100),(0,0,0),(0,0,0),(0,0,0),(0,0,0),
(0,0,100),(0,0,100),(0,0,0),(0,0,0),(0,0,0),(0,0,0),
}
{
(0,0,1),(0,0,194),(0,0,0),(0,0,0),(0,0,0),(0,0,0),
(0,0,1),(0,0,194),(0,0,0),(0,0,0),(0,0,0),(0,0,0),
(0,0,1),(0,0,194),(0,0,0),(0,0,0),(0,0,0),(0,0,0),
(0,0,1),(0,0,194),(0,0,0),(0,0,0),(0,0,0),(0,0,0),
}
{
(0,49,0),(0,0,201),(0,0,0),(0,0,0),(0,0,0),(0,0,0),
(0,50,0),(0,0,201),(0,0,0),(0,0,0),(0,0,0),(0,0,0),
(0,50,0),(0,0,201),(0,0,0),(0,0,0),(0,0,0),(0,0,0),
(0,50,0),(0,0,201),(0,0,0),(0,0,0),(0,0,0),(0,0,0),
}
{
(0,151,0),(0,0,100),(0,0,100),(0,0,0),(0,0,0),(0,0,0),
(0,151,0),(0,0,100),(0,0,100),(0,0,0),(0,0,0),(0,0,0),
(0,151,0),(0,0,100),(0,0,100),(0,0,0),(0,0,0),(0,0,0),
(0,151,0),(0,0,100),(0,0,100),(0,0,0),(0,0,0),(0,0,0),
}
{
(0,201,0),(0,0,0),(0,0,201),(0,0,0),(0,0,0),(0,0,0),
(0,201,0),(0,0,0),(0,0,201),(0,0,0),(0,0,0),(0,0,0),
(0,201,0),(0,0,0),(0,0,201),(0,0,0),(0,0,0),(0,0,0),
(0,201,0),(0,0,0),(0,0,201),(0,0,0),(0,0,0),(0,0,0),
}
{
(0,49,0),(0,151,0),(0,0,100),(0,0,49),(0,0,0),(0,0,0),
(0,49,0),(0,151,0),(0,0,101),(0,0,49),(0,0,0),(0,0,0),
(0,49,0),(0,150,0),(0,0,100),(0,0,49),(0,0,0),(0,0,0),
(0,49,0),(0,151,0),(0,0,100),(0,0,49),(0,0,0),(0,0,0),
}
{
(53,0,0),(0,195,0),(0,0,0),(0,0,153),(0,0,0),(0,0,0),
(52,0,0),(0,195,0),(0,0,0),(0,0,153),(0,0,0),(0,0,0),
(52,0,0),(0,195,0),(0,0,0),(0,0,153),(0,0,0),(0,0,0),
(52,0,0),(0,195,0),(0,0,0),(0,0,153),(0,0,0),(0,0,0),
}
{
(201,0,0),(0,49,0),(0,151,0),(0,0,151),(0,0,49),(0,0,0),
(201,0,0),(0,49,0),(0,151,0),(0,0,151),(0,0,49),(0,0,0),
(201,0,0),(0,49,0),(0,151,0),(0,0,151),(0,0,49),(0,0,0),
(201,0,0),(0,49,0),(0,151,0),(0,0,151),(0,0,49),(0,0,0),
}
{
(100,0,0),(100,0,0),(0,151,0),(0,0,0),(0,0,201),(0,0,0),
(100,0,0),(100,0,0),(0,151,0),(0,0,0),(0,0,201),(0,0,0),
(100,0,0),(100,0,0),(0,151,0),(0,0,0),(0,0,201),(0,0,0),
(100,0,0),(100,0,0),(0,151,0),(0,0,0),(0,0,201),(0,0,0),
}
{
(0,0,0),(201,0,0),(0,0,0),(0,151,0),(0,0,100),(0,0,100),
(0,0,0),(201,0,0),(0,0,0),(0,151,0),(0,0,100),(0,0,100),
(0,0,0),(201,0,0),(0,0,0),(0,151,0),(0,0,100),(0,0,100),
(0,0,0),(201,0,0),(0,0,0),(0,151,0),(0,0,100),(0,0,100),
}
{
(0,0,0),(50,0,0),(151,0,0),(0,151,0),(0,49,0),(0,0,201),
(0,0,0),(50,0,0),(151,0,0),(0,151,0),(0,49,0),(0,0,201),
(0,0,0),(49,0,0),(151,0,0),(0,151,0),(0,49,0),(0,0,201),
(0,0,0),(50,0,0),(151,0,0),(0,151,0),(0,49,0),(0,0,201),
}
{
(0,0,0),(0,0,0),(201,0,0),(0,49,0),(0,151,0),(0,0,100),
(0,0,0),(0,0,0),(201,0,0),(0,49,0),(0,151,0),(0,0,100),
(0,0,0),(0,0,0),(201,0,0),(0,49,0),(0,151,0),(0,0,100),
(0,0,0),(0,0,0),(201,0,0),(0,49,0),(0,151,0),(0,0,100),
}
{
(0,0,0),(0,0,0),(49,0,0),(100,0,0),(0,151,0),(0,49,0),
(0,0,0),(0,0,0),(49,0,0),(100,0,0),(0,151,0),(0,49,0),
(0,0,0),(0,0,0),(49,0,0),(100,0,0),(0,151,0),(0,49,0),
(0,0,0),(0,0,0),(49,0,0),(100,0,0),(0,151,0),(0,49,0),
}
{
(0,0,0),(0,0,0),(0,0,0),(180,0,0),(0,14,0),(0,163,0),
(0,0,0),(0,0,0),(0,0,0),(180,0,0),(0,14,0),(0,163,0),
(0,0,0),(0,0,0),(0,0,0),(180,0,0),(0,14,0),(0,163,0),
(0,0,0),(0,0,0),(0,0,0),(180,0,0),(0,14,0),(0,163,0),
}
{
(0,0,0),(0,0,0),(0,0,0),(100,0,0),(100,0,0),(0,151,0),
(0,0,0),(0,0,0),(0,0,0),(100,0,0),(100,0,0),(0,151,0),
(0,0,0),(0,0,0),(0,0,0),(100,0,0),(100,0,0),(0,151,0),
(0,0,0),(0,0,0),(0,0,0),(100,0,0),(100,0,0),(0,151,0),
}
{
(0,0,0),(0,0,0),(0,0,0),(0,0,0),(201,0,0),(0,49,0),
(0,0,0),(0,0,0),(0,0,0),(0,0,0),(201,0,0),(0,49,0),
(0,0,0),(0,0,0),(0,0,0),(0,0,0),(201,0,0),(0,49,0),
(0,0,0),(0,0,0),(0,0,0),(0,0,0),(201,0,0),(0,49,0),
}
{
(0,0,0),(0,0,0),(0,0,0),(0,0,0),(151,0,0),(49,0,0),
(0,0,0),(0,0,0),(0,0,0),(0,0,0),(151,0,0),(49,0,0),
(0,0,0),(0,0,0),(0,0,0),(0,0,0),(151,0,0),(49,0,0),
(0,0,0),(0,0,0),(0,0,0),(0,0,0),(151,0,0),(49,0,0),
}
{
(0,0,0),(0,0,0),(0,0,0),(0,0,0),(100,0,0),(100,0,0),
(0,0,0),(0,0,0),(0,0,0),(0,0,0),(100,0,0),(100,0,0),
(0,0,0),(0,0,0),(0,0,0),(0,0,0),(100,0,0),(100,0,0),
(0,0,0),(0,0,0),(0,0,0),(0,0,0),(100,0,0),(100,0,0),
}
{
(0,0,0),(0,0,0),(0,0,0),(0,0,0),(31,0,0),(157,0,0),
(0,0,0),(0,0,0),(0,0,0),(0,0,0),(31,0,0),(157,0,0),
(0,0,0),(0,0,0),(0,0,0),(0,0,0),(31,0,0),(157,0,0),
(0,0,0),(0,0,0),(0,0,0),(0,0,0),(31,0,0),(157,0,0),
}
{
(0,0,0),(0,0,0),(0,0,0),(0,0,0),(0,0,0),(201,0,0),
(0,0,0),(0,0,0),(0,0,0),(0,0,0),(0,0,0),(201,0,0),
(0,0,0),(0,0,0),(0,0,0),(0,0,0),(0,0,0),(201,0,0),
(0,0,0),(0,0,0),(0,0,0),(0,0,0),(0,0,0),(201,0,0),
}
{
(0,0,0),(0,0,0),(0,0,0),(0,0,0),(0,0,0),(201,0,0),
(0,0,0),(0,0,0),(0,0,0),(0,0,0),(0,0,0),(201,0,0),
(0,0,0),(0,0,0),(0,0,0),(0,0,0),(0,0,0),(201,0,0),
(0,0,0),(0,0,0),(0,0,0),(0,0,0),(0,0,0),(201,0,0),
}
{
(0,0,0),(0,0,0),(0,0,0),(0,0,0),(0,0,0),(151,0,0),
(0,0,0),(0,0,0),(0,0,0),(0,0,0),(0,0,0),(151,0,0),
(0,0,0),(0,0,0),(0,0,0),(0,0,0),(0,0,0),(151,0,0),
(0,0,0),(0,0,0),(0,0,0),(0,0,0),(0,0,0),(151,0,0),
}
{
(0,0,0),(0,0,0),(0,0,0),(0,0,0),(0,0,0),(151,0,0),
(0,0,0),(0,0,0),(0,0,0),(0,0,0),(0,0,0),(151,0,0),
(0,0,0),(0,0,0),(0,0,0),(0,0,0),(0,0,0),(151,0,0),
(0,0,0),(0,0,0),(0,0,0),(0,0,0),(0,0,0),(151,0,0),
}
{
(0,0,0),(0,0,0),(0,0,0),(0,0,0),(0,0,0),(151,0,0),
(0,0,0),(0,0,0),(0,0,0),(0,0,0),(0,0,0),(151,0,0),
(0,0,0),(0,0,0),(0,0,0),(0,0,0),(0,0,0),(151,0,0),
(0,0,0),(0,0,0),(0,0,0),(0,0,0),(0,0,0),(151,0,0),
}
{
(0,0,0),(0,0,0),(0,0,0),(0,0,0),(0,0,0),(151,0,0),
(0,0,0),(0,0,0),(0,0,0),(0,0,0),(0,0,0),(151,0,0),
(0,0,0),(0,0,0),(0,0,0),(0,0,0),(0,0,0),(151,0,0),
(0,0,0),(0,0,0),(0,0,0),(0,0,0),(0,0,0),(151,0,0),
}
{
(0,0,0),(0,0,0),(0,0,0),(0,0,0),(0,0,0),(151,0,0),
(0,0,0),(0,0,0),(0,0,0),(0,0,0),(0,0,0),(151,0,0),
(0,0,0),(0,0,0),(0,0,0),(0,0,0),(0,0,0),(151,0,0),
(0,0,0),(0,0,0),(0,0,0),(0,0,0),(0,0,0),(151,0,0),
}
{
(0,0,0),(0,0,0),(0,0,0),(0,0,0),(0,0,0),(151,0,0),
(0,0,0),(0,0,0),(0,0,0),(0,0,0),(0,0,0),(151,0,0),
(0,0,0),(0,0,0),(0,0,0),(0,0,0),(0,0,0),(151,0,0),
(0,0,0),(0,0,0),(0,0,0),(0,0,0),(0,0,0),(151,0,0),
}
{
(0,0,0),(0,0,0),(0,0,0),(0,0,0),(0,0,0),(151,0,0),
(0,0,0),(0,0,0),(0,0,0),(0,0,0),(0,0,0),(151,0,0),
(0,0,0),(0,0,0),(0,0,0),(0,0,0),(0,0,0),(151,0,0),
(0,0,0),(0,0,0),(0,0,0),(0,0,0),(0,0,0),(151,0,0),
}
{
(0,0,0),(0,0,0),(0,0,0),(0,0,0),(0,0,0),(151,0,0),
(0,0,0),(0,0,0),(0,0,0),(0,0,0),(0,0,0),(151,0,0),
(0,0,0),(0,0,0),(0,0,0),(0,0,0),(0,0,0),(151,0,0),
(0,0,0),(0,0,0),(0,0,0),(0,0,0),(0,0,0),(151,0,0),
}
{
(0,0,0),(0,0,0),(0,0,0),(0,0,0),(0,0,0),(151,0,0),
(0,0,0),(0,0,0),(0,0,0),(0,0,0),(0,0,0),(151,0,0),
(0,0,0),(0,0,0),(0,0,0),(0,0,0),(0,0,0),(151,0,0),
(0,0,0),(0,0,0),(0,0,0),(0,0,0),(0,0,0),(151,0,0),
}
{
(0,0,0),(0,0,0),(0,0,0),(0,0,0),(0,0,0),(201,0,0),
(0,0,0),(0,0,0),(0,0,0),(0,0,0),(0,0,0),(201,0,0),
(0,0,0),(0,0,0),(0,0,0),(0,0,0),(0,0,0),(201,0,0),
(0,0,0),(0,0,0),(0,0,0),(0,0,0),(0,0,0),(201,0,0),
}
{
(0,0,0),(0,0,0),(0,0,0),(0,0,0),(0,0,0),(196,0,0),
(0,0,0),(0,0,0),(0,0,0),(0,0,0),(0,0,0),(197,0,0),
(0,0,0),(0,0,0),(0,0,0),(0,0,0),(0,0,0),(197,0,0),
(0,0,0),(0,0,0),(0,0,0),(0,0,0),(0,0,0),(197,0,0),
}
{
(0,0,0),(0,0,0),(0,0,0),(0,0,0),(0,0,0),(201,0,0),
(0,0,0),(0,0,0),(0,0,0),(0,0,0),(0,0,0),(201,0,0),
(0,0,0),(0,0,0),(0,0,0),(0,0,0),(0,0,0),(201,0,0),
(0,0,0),(0,0,0),(0,0,0),(0,0,0),(0,0,0),(201,0,0),
}
{
(0,0,0),(0,0,0),(0,0,0),(0,0,0),(49,0,0),(151,0,0),
(0,0,0),(0,0,0),(0,0,0),(0,0,0),(49,0,0),(151,0,0),
(0,0,0),(0,0,0),(0,0,0),(0,0,0),(49,0,0),(151,0,0),
(0,0,0),(0,0,0),(0,0,0),(0,0,0),(49,0,0),(151,0,0),
}
{
(0,0,0),(0,0,0),(0,0,0),(0,0,0),(151,0,0),(50,0,0),
(0,0,0),(0,0,0),(0,0,0),(0,0,0),(151,0,0),(49,0,0),
(0,0,0),(0,0,0),(0,0,0),(0,0,0),(151,0,0),(49,0,0),
(0,0,0),(0,0,0),(0,0,0),(0,0,0),(151,0,0),(49,0,0),
}
{
(0,0,0),(0,0,0),(0,0,0),(0,0,0),(201,0,0),(0,0,0),
(0,0,0),(0,0,0),(0,0,0),(0,0,0),(201,0,0),(0,0,0),
(0,0,0),(0,0,0),(0,0,0),(0,0,0),(201,0,0),(0,0,0),
(0,0,0),(0,0,0),(0,0,0),(0,0,0),(201,0,0),(0,0,0),
}
{
(0,0,0),(0,0,0),(0,0,0),(50,0,0),(151,0,0),(0,100,0),
(0,0,0),(0,0,0),(0,0,0),(49,0,0),(151,0,0),(0,100,0),
(0,0,0),(0,0,0),(0,0,0),(49,0,0),(151,0,0),(0,100,0),
(0,0,0),(0,0,0),(0,0,0),(49,0,0),(151,0,0),(0,100,0),
}
{
(0,0,0),(0,0,0),(0,0,0),(151,0,0),(49,0,0),(0,201,0),
(0,0,0),(0,0,0),(0,0,0),(151,0,0),(49,0,0),(0,201,0),
(0,0,0),(0,0,0),(0,0,0),(151,0,0),(49,0,0),(0,201,0),
(0,0,0),(0,0,0),(0,0,0),(151,0,0),(49,0,0),(0,201,0),
}
{
(0,0,0),(0,0,0),(0,0,0),(201,0,0),(0,49,0),(0,151,0),
(0,0,0),(0,0,0),(0,0,0),(201,0,0),(0,49,0),(0,151,0),
(0,0,0),(0,0,0),(0,0,0),(201,0,0),(0,49,0),(0,151,0),
(0,0,0),(0,0,0),(0,0,0),(201,0,0),(0,49,0),(0,151,0),
}
{
(0,0,0),(0,0,0),(49,0,0),(100,0,0),(0,151,0),(0,49,0),
(0,0,0),(0,0,0),(49,0,0),(100,0,0),(0,151,0),(0,49,0),
(0,0,0),(0,0,0),(49,0,0),(100,0,0),(0,151,0),(0,49,0),
(0,0,0),(0,0,0),(49,0,0),(100,0,0),(0,151,0),(0,49,0),
}
{
(0,0,0),(0,0,0),(151,0,0),(0,0,0),(0,201,0),(0,0,49),
(0,0,0),(0,0,0),(151,0,0),(0,0,0),(0,201,0),(0,0,49),
(0,0,0),(0,0,0),(151,0,0),(0,0,0),(0,201,0),(0,0,49),
(0,0,0),(0,0,0),(151,0,0),(0,0,0),(0,201,0),(0,0,49),
}
{
(0,0,0),(49,0,0),(151,0,0),(0,151,0),(0,49,0),(0,0,201),
(0,0,0),(49,0,0),(151,0,0),(0,151,0),(0,49,0),(0,0,201),
(0,0,0),(49,0,0),(151,0,0),(0,151,0),(0,49,0),(0,0,201),
(0,0,0),(49,0,0),(151,0,0),(0,151,0),(0,49,0),(0,0,201),
}
{
(0,0,0),(151,0,0),(49,0,0),(0,201,0),(0,0,49),(0,0,151),
(0,0,0),(151,0,0),(49,0,0),(0,201,0),(0,0,49),(0,0,151),
(0,0,0),(151,0,0),(49,0,0),(0,201,0),(0,0,49),(0,0,151),
(0,0,0),(151,0,0),(49,0,0),(0,201,0),(0,0,49),(0,0,151),
}
{
(0,0,0),(201,0,0),(0,49,0),(0,100,0),(0,0,151),(0,0,49),
(0,0,0),(201,0,0),(0,49,0),(0,100,0),(0,0,151),(0,0,49),
(0,0,0),(201,0,0),(0,49,0),(0,100,0),(0,0,151),(0,0,49),
(0,0,0),(201,0,0),(0,49,0),(0,100,0),(0,0,151),(0,0,49),
}
{
(100,0,0),(100,0,0),(0,151,0),(0,0,0),(0,0,201),(0,0,0),
(100,0,0),(100,0,0),(0,151,0),(0,0,0),(0,0,201),(0,0,0),
(100,0,0),(100,0,0),(0,151,0),(0,0,0),(0,0,201),(0,0,0),
(100,0,0),(100,0,0),(0,151,0),(0,0,0),(0,0,201),(0,0,0),
}
{
(201,0,0),(0,0,0),(0,201,0),(0,0,100),(0,0,100),(0,0,0),
(201,0,0),(0,0,0),(0,201,0),(0,0,100),(0,0,100),(0,0,0),
(201,0,0),(0,0,0),(0,201,0),(0,0,100),(0,0,100),(0,0,0),
(201,0,0),(0,0,0),(0,201,0),(0,0,100),(0,0,100),(0,0,0),
}
{
(151,0,0),(0,100,0),(0,100,0),(0,0,201),(0,0,0),(0,0,0),
(151,0,0),(0,100,0),(0,100,0),(0,0,201),(0,0,0),(0,0,0),
(151,0,0),(0,100,0),(0,100,0),(0,0,201),(0,0,0),(0,0,0),
(151,0,0),(0,100,0),(0,100,0),(0,0,201),(0,0,0),(0,0,0),
}
{
(49,0,0),(0,201,0),(0,0,0),(0,0,151),(0,0,0),(0,0,0),
(49,0,0),(0,201,0),(0,0,0),(0,0,151),(0,0,0),(0,0,0),
(49,0,0),(0,201,0),(0,0,0),(0,0,151),(0,0,0),(0,0,0),
(49,0,0),(0,201,0),(0,0,0),(0,0,151),(0,0,0),(0,0,0),
}
{
(1,5,1),(2,179,0),(0,0,59),(0,1,74),(0,0,0),(0,0,0),
(1,5,1),(0,179,0),(0,0,59),(0,0,74),(0,0,0),(0,0,0),
(1,5,1),(0,179,0),(0,0,59),(0,0,74),(0,0,0),(0,0,0),
(1,5,1),(0,179,0),(0,0,59),(0,0,74),(0,0,0),(0,0,0),
}
{
(0,100,0),(0,100,0),(0,0,151),(0,0,0),(0,0,0),(0,0,0),
(0,100,0),(0,100,0),(0,0,151),(0,0,0),(0,0,0),(0,0,0),
(0,100,0),(0,100,0),(0,0,151),(0,0,0),(0,0,0),(0,0,0),
(0,100,0),(0,100,0),(0,0,151),(0,0,0),(0,0,0),(0,0,0),
}
{
(0,151,0),(0,49,0),(0,0,201),(0,0,0),(0,0,0),(0,0,0),
(0,151,0),(0,49,0),(0,0,201),(0,0,0),(0,0,0),(0,0,0),
(0,151,0),(0,49,0),(0,0,201),(0,0,0),(0,0,0),(0,0,0),
(0,151,0),(0,49,0),(0,0,201),(0,0,0),(0,0,0),(0,0,0),
}
{
(0,166,0),(0,8,0),(0,3,186),(0,0,0),(0,0,0),(0,0,0),
(0,166,0),(0,8,0),(0,3,186),(0,0,0),(0,0,0),(0,0,0),
(0,166,0),(0,8,0),(0,3,186),(0,0,0),(0,0,0),(0,0,0),
(0,166,0),(0,10,0),(0,0,186),(0,0,0),(0,0,0),(0,0,0),
}
{
(0,201,0),(0,0,0),(0,0,201),(0,0,0),(0,0,0),(0,0,0),
(0,201,0),(0,0,0),(0,0,201),(0,0,0),(0,0,0),(0,0,0),
(0,201,0),(0,0,0),(0,0,201),(0,0,0),(0,0,0),(0,0,0),
(0,201,0),(0,0,0),(0,0,201),(0,0,0),(0,0,0),(0,0,0),
}
{
(0,184,0),(0,0,31),(0,0,157),(0,0,0),(0,0,0),(0,0,0),
(3,184,0),(0,0,32),(0,0,157),(0,0,0),(0,0,0),(0,0,0),
(0,185,0),(0,0,32),(0,0,157),(0,0,0),(0,0,0),(0,0,0),
(0,185,0),(0,0,32),(0,0,157),(0,0,0),(0,0,0),(0,0,0),
}
{
(0,201,0),(0,0,49),(0,0,152),(0,0,0),(0,0,0),(0,0,0),
(0,201,0),(0,0,49),(0,0,152),(0,0,0),(0,0,0),(0,0,0),
(0,201,0),(0,0,49),(0,0,152),(0,0,0),(0,0,0),(0,0,0),
(0,201,0),(0,0,49),(0,0,152),(0,0,0),(0,0,0),(0,0,0),
}
{
(0,201,0),(0,0,49),(0,0,151),(0,0,0),(0,0,0),(0,0,0),
(0,201,0),(0,0,49),(0,0,151),(0,0,0),(0,0,0),(0,0,0),
(0,201,0),(0,0,49),(0,0,151),(0,0,0),(0,0,0),(0,0,0),
(0,201,0),(0,0,49),(0,0,151),(0,0,0),(0,0,0),(0,0,0),
}
{
(0,201,0),(0,0,49),(0,0,152),(0,0,0),(0,0,0),(0,0,0),
(0,201,0),(0,0,49),(0,0,151),(0,0,0),(0,0,0),(0,0,0),
(0,201,0),(0,0,49),(0,0,151),(0,0,0),(0,0,0),(0,0,0),
(0,201,0),(0,0,49),(0,0,151),(0,0,0),(0,0,0),(0,0,0),
}
{
(0,201,0),(0,0,49),(0,0,152),(0,0,0),(0,0,0),(0,0,0),
(0,201,0),(0,0,49),(0,0,151),(0,0,0),(0,0,0),(0,0,0),
(0,201,0),(0,0,49),(0,0,151),(0,0,0),(0,0,0),(0,0,0),
(0,201,0),(0,0,49),(0,0,151),(0,0,0),(0,0,0),(0,0,0),
}
{
(0,201,0),(0,0,49),(0,0,152),(0,0,0),(0,0,0),(0,0,0),
(0,201,0),(0,0,49),(0,0,151),(0,0,0),(0,0,0),(0,0,0),
(0,201,0),(0,0,49),(0,0,151),(0,0,0),(0,0,0),(0,0,0),
(0,201,0),(0,0,49),(0,0,151),(0,0,0),(0,0,0),(0,0,0),
}
{
(0,201,0),(0,0,49),(0,0,151),(0,0,0),(0,0,0),(0,0,0),
(0,201,0),(0,0,49),(0,0,151),(0,0,0),(0,0,0),(0,0,0),
(0,201,0),(0,0,49),(0,0,151),(0,0,0),(0,0,0),(0,0,0),
(0,201,0),(0,0,49),(0,0,151),(0,0,0),(0,0,0),(0,0,0),
}
{
(0,201,0),(0,0,49),(0,0,151),(0,0,0),(0,0,0),(0,0,0),
(0,201,0),(0,0,49),(0,0,151),(0,0,0),(0,0,0),(0,0,0),
(0,201,0),(0,0,49),(0,0,151),(0,0,0),(0,0,0),(0,0,0),
(0,201,0),(0,0,49),(0,0,151),(0,0,0),(0,0,0),(0,0,0),
}
{
(0,201,0),(0,0,49),(0,0,151),(0,0,0),(0,0,0),(0,0,0),
(0,201,0),(0,0,49),(0,0,151),(0,0,0),(0,0,0),(0,0,0),
(0,201,0),(0,0,49),(0,0,151),(0,0,0),(0,0,0),(0,0,0),
(0,201,0),(0,0,49),(0,0,151),(0,0,0),(0,0,0),(0,0,0),
}
{
(0,201,0),(0,0,49),(0,0,151),(0,0,0),(0,0,0),(0,0,0),
(0,201,0),(0,0,49),(0,0,151),(0,0,0),(0,0,0),(0,0,0),
(0,201,0),(0,0,49),(0,0,151),(0,0,0),(0,0,0),(0,0,0),
(0,201,0),(0,0,49),(0,0,151),(0,0,0),(0,0,0),(0,0,0),
}
{
(0,201,0),(0,0,49),(0,0,151),(0,0,0),(0,0,0),(0,0,0),
(0,201,0),(0,0,49),(0,0,151),(0,0,0),(0,0,0),(0,0,0),
(0,201,0),(0,0,49),(0,0,151),(0,0,0),(0,0,0),(0,0,0),
(0,201,0),(0,0,49),(0,0,151),(0,0,0),(0,0,0),(0,0,0),
}
{
(0,201,0),(0,0,49),(0,0,151),(0,0,0),(0,0,0),(0,0,0),
(0,201,0),(0,0,49),(0,0,151),(0,0,0),(0,0,0),(0,0,0),
(0,201,0),(0,0,49),(0,0,151),(0,0,0),(0,0,0),(0,0,0),
(0,201,0),(0,0,49),(0,0,151),(0,0,0),(0,0,0),(0,0,0),
}
{
(0,201,0),(0,0,49),(0,0,151),(0,0,0),(0,0,0),(0,0,0),
(0,201,0),(0,0,49),(0,0,151),(0,0,0),(0,0,0),(0,0,0),
(0,201,0),(0,0,49),(0,0,151),(0,0,0),(0,0,0),(0,0,0),
(0,201,0),(0,0,49),(0,0,151),(0,0,0),(0,0,0),(0,0,0),
}
{
(0,201,0),(0,0,49),(0,0,151),(0,0,0),(0,0,0),(0,0,0),
(0,201,0),(0,0,49),(0,0,151),(0,0,0),(0,0,0),(0,0,0),
(0,201,0),(0,0,49),(0,0,151),(0,0,0),(0,0,0),(0,0,0),
(0,201,0),(0,0,49),(0,0,151),(0,0,0),(0,0,0),(0,0,0),
}
{
(0,201,0),(0,0,49),(0,0,151),(0,0,0),(0,0,0),(0,0,0),
(0,201,0),(0,0,49),(0,0,151),(0,0,0),(0,0,0),(0,0,0),
(0,201,0),(0,0,49),(0,0,151),(0,0,0),(0,0,0),(0,0,0),
(0,201,0),(0,0,49),(0,0,151),(0,0,0),(0,0,0),(0,0,0),
}
{
(0,201,0),(0,0,49),(0,0,151),(0,0,0),(0,0,0),(0,0,0),
(0,201,0),(0,0,49),(0,0,151),(0,0,0),(0,0,0),(0,0,0),
(0,201,0),(0,0,49),(0,0,151),(0,0,0),(0,0,0),(0,0,0),
(0,201,0),(0,0,49),(0,0,151),(0,0,0),(0,0,0),(0,0,0),
}
{
(0,201,0),(0,0,49),(0,0,151),(0,0,0),(0,0,0),(0,0,0),
(0,201,0),(0,0,49),(0,0,151),(0,0,0),(0,0,0),(0,0,0),
(0,201,0),(0,0,49),(0,0,151),(0,0,0),(0,0,0),(0,0,0),
(0,201,0),(0,0,49),(0,0,151),(0,0,0),(0,0,0),(0,0,0),
}
{
(0,201,0),(0,0,0),(0,0,196),(0,0,0),(0,0,0),(0,0,0),
(0,201,0),(0,0,0),(0,0,195),(0,0,0),(0,0,0),(0,0,0),
(0,201,0),(0,0,0),(0,0,195),(0,0,0),(0,0,0),(0,0,0),
(0,201,0),(0,0,0),(0,0,195),(0,0,0),(0,0,0),(0,0,0),
}
{
(0,201,0),(0,0,0),(0,0,201),(0,0,0),(0,0,0),(0,0,0),
(0,201,0),(0,0,0),(0,0,201),(0,0,0),(0,0,0),(0,0,0),
(0,201,0),(0,0,0),(0,0,201),(0,0,0),(0,0,0),(0,0,0),
(0,201,0),(0,0,0),(0,0,201),(0,0,0),(0,0,0),(0,0,0),
}
{
(0,151,0),(0,50,0),(0,0,201),(0,0,0),(0,0,0),(0,0,0),
(0,151,0),(0,50,0),(0,0,201),(0,0,0),(0,0,0),(0,0,0),
(0,151,0),(0,50,0),(0,0,201),(0,0,0),(0,0,0),(0,0,0),
(0,151,0),(0,50,0),(0,0,201),(0,0,0),(0,0,0),(0,0,0),
}
{
(0,151,0),(0,49,0),(0,0,201),(0,0,0),(0,0,0),(0,0,0),
(0,151,0),(0,49,0),(0,0,201),(0,0,0),(0,0,0),(0,0,0),
(0,151,0),(0,49,0),(0,0,201),(0,0,0),(0,0,0),(0,0,0),
(0,151,0),(0,49,0),(0,0,201),(0,0,0),(0,0,0),(0,0,0),
}
{
(0,100,0),(0,100,0),(0,0,151),(0,0,0),(0,0,0),(0,0,0),
(0,100,0),(0,100,0),(0,0,151),(0,0,0),(0,0,0),(0,0,0),
(0,100,0),(0,100,0),(0,0,151),(0,0,0),(0,0,0),(0,0,0),
(0,100,0),(0,100,0),(0,0,151),(0,0,0),(0,0,0),(0,0,0),
}
{
(0,49,0),(0,151,0),(0,0,100),(0,0,49),(0,0,0),(0,0,0),
(0,49,0),(0,151,0),(0,0,100),(0,0,49),(0,0,0),(0,0,0),
(0,49,0),(0,151,0),(0,0,100),(0,0,49),(0,0,0),(0,0,0),
(0,49,0),(0,151,0),(0,0,100),(0,0,50),(0,0,0),(0,0,0),
}
{
(50,0,0),(0,201,0),(0,0,0),(0,0,150),(0,0,0),(0,0,0),
(50,0,0),(0,201,0),(0,0,0),(0,0,150),(0,0,0),(0,0,0),
(50,0,0),(0,201,0),(0,0,0),(0,0,151),(0,0,0),(0,0,0),
(50,0,0),(0,201,0),(0,0,0),(0,0,151),(0,0,0),(0,0,0),
}
{
(100,0,0),(0,151,0),(0,49,0),(0,0,201),(0,0,0),(0,0,0),
(100,0,0),(0,151,0),(0,49,0),(0,0,201),(0,0,0),(0,0,0),
(100,0,0),(0,151,0),(0,49,0),(0,0,201),(0,0,0),(0,0,0),
(100,0,0),(0,151,0),(0,49,0),(0,0,201),(0,0,0),(0,0,0),
}
{
(201,0,0),(0,49,0),(0,151,0),(0,0,151),(0,0,49),(0,0,0),
(201,0,0),(0,49,0),(0,151,0),(0,0,151),(0,0,49),(0,0,0),
(201,0,0),(0,49,0),(0,151,0),(0,0,151),(0,0,49),(0,0,0),
(201,0,0),(0,49,0),(0,151,0),(0,0,151),(0,0,49),(0,0,0),
}
{
(201,0,0),(0,0,0),(0,201,0),(0,0,100),(0,0,100),(0,0,0),
(201,0,0),(0,0,0),(0,201,0),(0,0,100),(0,0,100),(0,0,0),
(201,0,0),(0,0,0),(0,201,0),(0,0,100),(0,0,100),(0,0,0),
(201,0,0),(0,0,0),(0,201,0),(0,0,100),(0,0,100),(0,0,0),
}
{
(100,0,0),(100,0,0),(0,151,0),(0,0,0),(0,0,201),(0,0,0),
(100,0,0),(100,0,0),(0,151,0),(0,0,0),(0,0,201),(0,0,0),
(100,0,0),(100,0,0),(0,151,0),(0,0,0),(0,0,201),(0,0,0),
(100,0,0),(100,0,0),(0,151,0),(0,0,0),(0,0,201),(0,0,0),
}
{
(0,0,0),(201,0,0),(0,49,0),(0,100,0),(0,0,151),(0,0,50),
(0,0,0),(201,0,0),(0,49,0),(0,100,0),(0,0,151),(0,0,50),
(0,0,0),(201,0,0),(0,49,0),(0,100,0),(0,0,151),(0,0,50),
(0,0,0),(201,0,0),(0,49,0),(0,100,0),(0,0,151),(0,0,50),
}
{
(0,0,0),(187,0,0),(3,0,0),(0,152,0),(0,0,90),(0,0,100),
(0,0,0),(186,0,0),(3,0,0),(0,152,0),(0,0,90),(0,0,100),
(0,0,0),(186,0,0),(3,0,0),(0,151,0),(0,0,91),(0,0,100),
(0,0,0),(186,0,0),(3,0,0),(0,152,0),(0,0,90),(0,0,100),
}
{
(0,0,0),(100,0,0),(100,0,0),(0,201,0),(0,0,0),(0,0,201),
(0,0,0),(100,0,0),(100,0,0),(0,201,0),(0,0,0),(0,0,201),
(0,0,0),(100,0,0),(100,0,0),(0,201,0),(0,0,0),(0,0,201),
(0,0,0),(100,0,0),(100,0,0),(0,201,0),(0,0,0),(0,0,201),
}
{
(0,0,0),(0,0,0),(201,0,0),(0,100,0),(0,100,0),(0,0,151),
(0,0,0),(0,0,0),(201,0,0),(0,100,0),(0,100,0),(0,0,151),
(0,0,0),(0,0,0),(201,0,0),(0,100,0),(0,100,0),(0,0,151),
(0,0,0),(0,0,0),(201,0,0),(0,100,0),(0,100,0),(0,0,151),
}
{
(0,0,0),(0,0,0),(201,0,0),(0,49,0),(0,151,0),(0,0,100),
(0,0,0),(0,0,0),(201,0,0),(0,49,0),(0,151,0),(0,0,100),
(0,0,0),(0,0,0),(201,0,0),(0,49,0),(0,151,0),(0,0,100),
(0,0,0),(0,0,0),(201,0,0),(0,49,0),(0,151,0),(0,0,100),
}
{
(0,0,0),(0,0,0),(100,0,0),(49,0,0),(0,201,0),(0,0,0),
(0,0,0),(0,0,0),(100,0,0),(49,0,0),(0,201,0),(0,0,0),
(0,0,0),(0,0,0),(100,0,0),(49,0,0),(0,201,0),(0,0,0),
(0,0,0),(0,0,0),(100,0,0),(49,0,0),(0,201,0),(0,0,0),
}
{
(0,0,0),(0,0,0),(49,0,0),(100,0,0),(0,151,0),(0,49,0),
(0,0,0),(0,0,0),(49,0,0),(100,0,0),(0,151,0),(0,49,0),
(0,0,0),(0,0,0),(49,0,0),(100,0,0),(0,151,0),(0,49,0),
(0,0,0),(0,0,0),(49,0,0),(100,0,0),(0,151,0),(0,49,0),
}
{
(0,0,0),(0,0,0),(0,0,0),(151,0,0),(0,100,0),(0,100,0),
(0,0,0),(0,0,0),(0,0,0),(151,0,0),(0,100,0),(0,100,0),
(0,0,0),(0,0,0),(0,0,0),(151,0,0),(0,100,0),(0,100,0),
(0,0,0),(0,0,0),(0,0,0),(151,0,0),(0,100,0),(0,100,0),
}
{
(0,0,0),(0,0,0),(0,0,0),(201,0,0),(0,49,0),(0,151,0),
(0,0,0),(0,0,0),(0,0,0),(201,0,0),(0,49,0),(0,151,0),
(0,0,0),(0,0,0),(0,0,0),(201,0,0),(0,50,0),(0,151,0),
(0,0,0),(0,0,0),(0,0,0),(201,0,0),(0,50,0),(0,151,0),
}
{
(0,0,0),(0,0,0),(0,0,0),(201,0,0),(0,0,0),(0,201,0),
(0,0,0),(0,0,0),(0,0,0),(201,0,0),(0,0,0),(0,201,0),
(0,0,0),(0,0,0),(0,0,0),(201,0,0),(0,0,0),(0,201,0),
(0,0,0),(0,0,0),(0,0,0),(201,0,0),(0,0,0),(0,201,0),
}
{
(0,0,0),(0,0,0),(0,0,0),(151,0,0),(50,0,0),(0,201,0),
(0,0,0),(0,0,0),(0,0,0),(151,0,0),(50,0,0),(0,201,0),
(0,0,0),(0,0,0),(0,0,0),(151,0,0),(50,0,0),(0,201,0),
(0,0,0),(0,0,0),(0,0,0),(151,0,0),(50,0,0),(0,201,0),
}
{
(0,0,0),(0,0,0),(0,0,0),(151,0,0),(50,0,0),(0,201,0),
(0,0,0),(0,0,0),(0,0,0),(151,0,0),(49,0,0),(0,201,0),
(0,0,0),(0,0,0),(0,0,0),(151,0,0),(49,0,0),(0,201,0),
(0,0,0),(0,0,0),(0,0,0),(151,0,0),(50,0,0),(0,201,0),
}
{
(0,0,0),(0,0,0),(0,0,0),(100,0,0),(100,0,0),(0,151,0),
(0,0,0),(0,0,0),(0,0,0),(100,0,0),(100,0,0),(0,151,0),
(0,0,0),(0,0,0),(0,0,0),(100,0,0),(100,0,0),(0,151,0),
(0,0,0),(0,0,0),(0,0,0),(100,0,0),(100,0,0),(0,151,0),
}
{
(0,0,0),(0,0,0),(0,0,0),(100,0,0),(100,0,0),(0,151,0),
(0,0,0),(0,0,0),(0,0,0),(100,0,0),(100,0,0),(0,151,0),
(0,0,0),(0,0,0),(0,0,0),(100,0,0),(100,0,0),(0,151,0),
(0,0,0),(0,0,0),(0,0,0),(100,0,0),(100,0,0),(0,151,0),
}
{
(0,0,0),(0,0,0),(0,0,0),(100,0,0),(100,0,0),(0,151,0),
(0,0,0),(0,0,0),(0,0,0),(100,0,0),(100,0,0),(0,151,0),
(0,0,0),(0,0,0),(0,0,0),(100,0,0),(100,0,0),(0,151,0),
(0,0,0),(0,0,0),(0,0,0),(100,0,0),(100,0,0),(0,151,0),
}
{
(0,0,0),(0,0,0),(0,0,0),(100,0,0),(100,0,0),(0,151,0),
(0,0,0),(0,0,0),(0,0,0),(100,0,0),(100,0,0),(0,151,0),
(0,0,0),(0,0,0),(0,0,0),(100,0,0),(100,0,0),(0,151,0),
(0,0,0),(0,0,0),(0,0,0),(100,0,0),(100,0,0),(0,151,0),
}
{
(0,0,0),(0,0,0),(0,0,0),(100,0,0),(100,0,0),(0,151,0),
(0,0,0),(0,0,0),(0,0,0),(100,0,0),(100,0,0),(0,151,0),
(0,0,0),(0,0,0),(0,0,0),(100,0,0),(100,0,0),(0,151,0),
(0,0,0),(0,0,0),(0,0,0),(100,0,0),(100,0,0),(0,151,0),
}
{
(0,0,0),(0,0,0),(0,0,0),(100,0,0),(100,0,0),(0,151,0),
(0,0,0),(0,0,0),(0,0,0),(100,0,0),(100,0,0),(0,151,0),
(0,0,0),(0,0,0),(0,0,0),(100,0,0),(100,0,0),(0,151,0),
(0,0,0),(0,0,0),(0,0,0),(100,0,0),(100,0,0),(0,151,0),
}
{
(0,0,0),(0,0,0),(0,0,0),(100,0,0),(100,0,0),(0,151,0),
(0,0,0),(0,0,0),(0,0,0),(100,0,0),(100,0,0),(0,151,0),
(0,0,0),(0,0,0),(0,0,0),(100,0,0),(100,0,0),(0,151,0),
(0,0,0),(0,0,0),(0,0,0),(100,0,0),(100,0,0),(0,151,0),
}
{
(0,0,0),(0,0,0),(0,0,0),(100,0,0),(100,0,0),(0,151,0),
(0,0,0),(0,0,0),(0,0,0),(100,0,0),(100,0,0),(0,151,0),
(0,0,0),(0,0,0),(0,0,0),(100,0,0),(100,0,0),(0,151,0),
(0,0,0),(0,0,0),(0,0,0),(100,0,0),(100,0,0),(0,151,0),
}
{
(0,0,0),(0,0,0),(0,0,0),(100,0,0),(100,0,0),(0,151,0),
(0,0,0),(0,0,0),(0,0,0),(100,0,0),(100,0,0),(0,151,0),
(0,0,0),(0,0,0),(0,0,0),(100,0,0),(100,0,0),(0,151,0),
(0,0,0),(0,0,0),(0,0,0),(100,0,0),(100,0,0),(0,151,0),
}
{
(0,0,0),(0,0,0),(0,0,0),(100,0,0),(100,0,0),(0,151,0),
(0,0,0),(0,0,0),(0,0,0),(100,0,0),(100,0,0),(0,151,0),
(0,0,0),(0,0,0),(0,0,0),(100,0,0),(100,0,0),(0,151,0),
(0,0,0),(0,0,0),(0,0,0),(100,0,0),(100,0,0),(0,151,0),
}
{
(0,0,0),(0,0,0),(0,0,0),(151,0,0),(50,0,0),(0,201,0),
(0,0,0),(0,0,0),(0,0,0),(151,0,0),(49,0,0),(0,201,0),
(0,0,0),(0,0,0),(0,0,0),(151,0,0),(49,0,0),(0,201,0),
(0,0,0),(0,0,0),(0,0,0),(151,0,0),(49,0,0),(0,201,0),
}
{
(0,0,0),(0,0,0),(0,0,0),(151,0,0),(49,0,0),(0,201,0),
(0,0,0),(0,0,0),(0,0,0),(151,0,0),(49,0,0),(0,201,0),
(0,0,0),(0,0,0),(0,0,0),(151,0,0),(49,0,0),(0,201,0),
(0,0,0),(0,0,0),(0,0,0),(151,0,0),(49,0,0),(0,201,0),
}
{
(0,0,0),(0,0,0),(0,0,0),(201,0,0),(0,0,0),(0,201,0),
(0,0,0),(0,0,0),(0,0,0),(201,0,0),(0,0,0),(0,201,0),
(0,0,0),(0,0,0),(0,0,0),(201,0,0),(0,0,0),(0,201,0),
(0,0,0),(0,0,0),(0,0,0),(201,0,0),(0,0,0),(0,201,0),
}
{
(0,0,0),(0,0,0),(0,0,0),(201,0,0),(0,49,0),(0,151,0),
(0,0,0),(0,0,0),(0,0,0),(201,0,0),(0,49,0),(0,151,0),
(0,0,0),(0,0,0),(0,0,0),(201,0,0),(0,49,0),(0,151,0),
(0,0,0),(0,0,0),(0,0,0),(201,0,0),(0,49,0),(0,151,0),
}
{
(0,0,0),(0,0,0),(0,0,0),(151,0,0),(0,100,0),(0,100,0),
(0,0,0),(0,0,0),(0,0,0),(151,0,0),(0,100,0),(0,100,0),
(0,0,0),(0,0,0),(0,0,0),(151,0,0),(0,100,0),(0,100,0),
(0,0,0),(0,0,0),(0,0,0),(151,0,0),(0,100,0),(0,100,0),
}
{
(0,0,0),(0,0,0),(49,0,0),(100,0,0),(0,151,0),(0,49,0),
(0,0,0),(0,0,0),(49,0,0),(100,0,0),(0,151,0),(0,49,0),
(0,0,0),(0,0,0),(49,0,0),(100,0,0),(0,151,0),(0,49,0),
(0,0,0),(0,0,0),(49,0,0),(100,0,0),(0,151,0),(0,49,0),
}
{
(0,0,0),(0,0,0),(100,0,0),(49,0,0),(0,201,0),(0,0,0),
(0,0,0),(0,0,0),(100,0,0),(49,0,0),(0,201,0),(0,0,0),
(0,0,0),(0,0,0),(100,0,0),(49,0,0),(0,201,0),(0,0,0),
(0,0,0),(0,0,0),(100,0,0),(49,0,0),(0,201,0),(0,0,0),
}
{
(0,0,0),(0,0,0),(201,0,0),(0,49,0),(0,151,0),(0,0,100),
(0,0,0),(0,0,0),(201,0,0),(0,49,0),(0,151,0),(0,0,100),
(0,0,0),(0,0,0),(201,0,0),(0,49,0),(0,151,0),(0,0,100),
(0,0,0),(0,0,0),(201,0,0),(0,49,0),(0,151,0),(0,0,100),
}
{
(0,0,0),(0,0,0),(201,0,0),(0,100,0),(0,100,0),(0,0,151),
(0,0,0),(0,0,0),(201,0,0),(0,100,0),(0,100,0),(0,0,151),
(0,0,0),(0,0,0),(201,0,0),(0,100,0),(0,100,0),(0,0,151),
(0,0,0),(0,0,0),(201,0,0),(0,100,0),(0,100,0),(0,0,151),
}
{
(0,0,0),(100,0,0),(100,0,0),(0,201,0),(0,0,0),(0,0,201),
(0,0,0),(100,0,0),(100,0,0),(0,201,0),(0,0,0),(0,0,201),
(0,0,0),(100,0,0),(100,0,0),(0,201,0),(0,0,0),(0,0,201),
(0,0,0),(100,0,0),(100,0,0),(0,201,0),(0,0,0),(0,0,201),
}
{
(0,0,0),(201,0,0),(0,0,0),(0,151,0),(0,0,100),(0,0,100),
(0,0,0),(201,0,0),(0,0,0),(0,151,0),(0,0,100),(0,0,100),
(0,0,0),(201,0,0),(0,0,0),(0,151,0),(0,0,100),(0,0,100),
(0,0,0),(201,0,0),(0,0,0),(0,151,0),(0,0,100),(0,0,100),
}
{
(49,0,0),(151,0,0),(0,100,0),(0,49,0),(0,0,201),(0,0,0),
(49,0,0),(151,0,0),(0,100,0),(0,49,0),(0,0,201),(0,0,0),
(49,0,0),(151,0,0),(0,100,0),(0,49,0),(0,0,201),(0,0,0),
(49,0,0),(151,0,0),(0,100,0),(0,49,0),(0,0,201),(0,0,0),
}
{
(155,0,0),(32,0,0),(3,182,0),(0,0,61),(0,0,124),(108,108,0),
(155,0,0),(32,0,0),(3,181,0),(0,0,61),(0,0,124),(108,108,0),
(155,0,0),(32,0,0),(3,182,0),(0,0,61),(0,0,124),(108,108,0),
(155,0,0),(32,0,0),(3,182,0),(0,0,61),(0,0,124),(108,108,0),
}
{
(151,0,0),(0,100,0),(0,100,0),(0,0,201),(0,0,0),(201,201,0),
(151,0,0),(0,100,0),(0,100,0),(0,0,201),(0,0,0),(201,201,0),
(151,0,0),(0,100,0),(0,100,0),(0,0,201),(0,0,0),(201,201,0),
(151,0,0),(0,100,0),(0,100,0),(0,0,201),(0,0,0),(201,201,0),
}
{
(49,0,0),(0,201,0),(0,0,0),(0,0,151),(100,100,0),(100,100,0),
(49,0,0),(0,201,0),(0,0,0),(0,0,151),(100,100,0),(100,100,0),
(49,0,0),(0,201,0),(0,0,0),(0,0,151),(100,100,0),(100,100,0),
(49,0,0),(0,201,0),(0,0,0),(0,0,151),(100,100,0),(100,100,0),
}
{
(0,61,0),(0,115,0),(0,0,118),(0,0,15),(171,171,0),(29,0,31),
(0,63,0),(0,115,0),(0,0,118),(0,0,15),(171,171,0),(29,0,31),
(0,63,0),(0,115,0),(0,0,118),(0,0,15),(171,171,0),(29,0,31),
(0,63,0),(0,115,0),(0,0,118),(0,0,15),(171,171,0),(29,0,31),
}
{
(0,194,0),(0,0,1),(0,0,194),(100,100,0),(101,99,0),(150,0,150),
(0,194,0),(0,0,1),(0,0,195),(100,100,0),(101,99,0),(150,0,150),
(0,194,0),(0,0,1),(0,0,195),(100,100,0),(101,99,0),(150,0,150),
(0,194,0),(0,0,1),(0,0,195),(100,100,0),(101,99,0),(150,0,150),
}
{
(0,151,0),(0,0,100),(0,0,100),(201,201,0),(0,0,0),(202,0,198),
(0,151,0),(0,0,100),(0,0,100),(201,201,0),(0,0,0),(202,0,198),
(0,151,0),(0,0,100),(0,0,100),(201,201,0),(0,0,0),(202,0,198),
(0,151,0),(0,0,100),(0,0,100),(201,201,0),(0,0,0),(202,0,198),
}
{
(0,49,0),(0,0,201),(0,0,0),(150,150,0),(101,0,99),(101,0,99),
(0,49,0),(0,0,201),(0,0,0),(150,150,0),(101,0,99),(101,0,99),
(0,49,0),(0,0,201),(0,0,0),(150,150,0),(101,0,99),(101,0,99),
(0,49,0),(0,0,201),(0,0,0),(150,150,0),(101,0,99),(101,0,99),
}
{
(0,0,49),(0,0,151),(100,100,0),(49,49,0),(202,0,198),(0,0,0),
(0,0,49),(0,0,151),(100,100,0),(49,49,0),(202,0,198),(0,0,0),
(0,0,49),(0,0,151),(100,100,0),(49,49,0),(202,0,198),(0,0,0),
(0,0,49),(0,0,151),(100,100,0),(49,49,0),(202,0,198),(0,0,0),
}
{
(0,0,151),(0,0,50),(201,201,0),(50,0,48),(152,0,149),(0,101,101),
(0,0,151),(0,0,50),(201,201,0),(50,0,48),(152,0,149),(0,101,101),
(0,0,151),(0,0,50),(201,201,0),(50,0,48),(152,0,149),(0,101,101),
(0,0,151),(0,0,50),(201,201,0),(50,0,48),(152,0,149),(0,101,101),
}
{
(0,0,201),(49,49,0),(150,150,0),(152,0,149),(50,0,48),(0,202,198),
(0,0,201),(49,49,0),(150,150,0),(152,0,149),(50,0,48),(0,202,198),
(0,0,201),(49,49,0),(150,150,0),(152,0,149),(50,0,48),(0,202,198),
(0,0,201),(49,49,0),(150,150,0),(152,0,149),(50,0,48),(0,202,198),
}
{
(0,0,112),(128,125,0),(51,51,0),(184,0,188),(0,40,41),(0,154,154),
(0,0,112),(128,128,0),(51,51,0),(188,0,188),(0,41,39),(0,154,154),
(0,0,112),(128,128,0),(51,51,0),(188,0,188),(0,41,39),(0,154,154),
(0,0,112),(128,128,0),(51,51,0),(189,0,185),(0,39,39),(0,154,154),
}
{
(0,0,49),(201,201,0),(0,0,0),(152,0,149),(0,101,101),(0,101,101),
(0,0,49),(201,201,0),(0,0,0),(152,0,149),(0,101,101),(0,101,101),
(0,0,49),(201,201,0),(0,0,0),(152,0,149),(0,101,101),(0,101,101),
(0,0,49),(201,201,0),(0,0,0),(152,0,149),(0,101,101),(0,101,101),
}
{
(0,0,0),(201,201,0),(50,0,48),(100,0,100),(0,152,152),(0,50,50),
(0,0,0),(201,201,0),(50,0,48),(100,0,100),(0,152,152),(0,50,50),
(0,0,0),(201,201,0),(50,0,48),(101,0,99),(0,152,152),(0,50,50),
(0,0,0),(201,201,0),(50,0,48),(101,0,99),(0,152,152),(0,50,50),
}
{
(97,97,0),(101,99,0),(145,0,145),(0,0,0),(0,202,202),(0,0,0),
(97,97,0),(101,99,0),(145,0,145),(0,0,0),(0,202,202),(0,0,0),
(97,97,0),(101,99,0),(145,0,145),(0,0,0),(0,202,202),(0,0,0),
(97,97,0),(101,99,0),(146,0,143),(0,0,0),(0,202,202),(0,0,0),
}
{
(101,99,0),(99,99,0),(155,0,152),(0,0,0),(0,192,192),(0,0,0),
(101,99,0),(99,99,0),(155,0,152),(0,0,0),(0,192,192),(0,0,0),
(101,99,0),(99,99,0),(155,0,152),(0,0,0),(0,192,192),(0,0,0),
(101,99,0),(99,99,0),(155,0,152),(0,0,0),(0,192,192),(0,0,0),
}
{
(150,150,0),(49,49,0),(202,0,198),(0,50,50),(0,152,152),(0,0,0),
(150,150,0),(49,49,0),(202,0,198),(0,50,50),(0,152,152),(0,0,0),
(150,150,0),(49,49,0),(202,0,198),(0,50,50),(0,152,152),(0,0,0),
(150,150,0),(49,49,0),(202,0,198),(0,50,50),(0,152,152),(0,0,0),
}
{
(201,201,0),(0,0,0),(202,0,198),(0,101,101),(0,101,101),(0,0,0),
(201,201,0),(0,0,0),(202,0,198),(0,101,101),(0,101,101),(0,0,0),
(201,201,0),(0,0,0),(202,0,198),(0,101,101),(0,101,101),(0,0,0),
(201,201,0),(0,0,0),(202,0,198),(0,101,101),(0,101,101),(0,0,0),
}
{
(201,201,0),(0,0,0),(202,0,198),(0,101,101),(0,101,101),(0,0,0),
(201,201,0),(0,0,0),(202,0,198),(0,101,101),(0,101,101),(0,0,0),
(201,201,0),(0,0,0),(202,0,198),(0,101,101),(0,101,101),(0,0,0),
(201,201,0),(0,0,0),(202,0,198),(0,101,101),(0,101,101),(0,0,0),
}
{
(201,201,0),(50,0,48),(152,0,149),(0,152,152),(0,49,50),(0,0,0),
(201,201,0),(50,0,48),(152,0,149),(0,152,152),(0,49,50),(0,0,0),
(201,201,0),(50,0,48),(152,0,149),(0,152,152),(0,49,50),(0,0,0),
(201,201,0),(50,0,48),(152,0,149),(0,152,152),(0,49,50),(0,0,0),
}
{
(201,201,0),(48,0,50),(152,0,149),(0,152,152),(0,49,50),(0,0,0),
(201,201,0),(48,0,50),(152,0,149),(0,152,152),(0,49,50),(0,0,0),
(201,201,0),(48,0,50),(152,0,149),(0,152,152),(0,49,50),(0,0,0),
(201,201,0),(50,0,50),(152,0,149),(0,152,152),(0,49,50),(0,0,0),
}
{
(201,201,0),(48,0,50),(152,0,149),(0,152,152),(0,49,50),(0,0,0),
(201,201,0),(48,0,50),(152,0,149),(0,152,152),(0,49,50),(0,0,0),
(201,201,0),(48,0,50),(152,0,149),(0,152,152),(0,49,50),(0,0,0),
(201,201,0),(50,0,50),(152,0,149),(0,152,152),(0,49,50),(0,0,0),
}
{
(201,201,0),(48,0,50),(152,0,149),(0,152,152),(0,49,50),(0,0,0),
(201,201,0),(48,0,50),(152,0,149),(0,152,152),(0,49,50),(0,0,0),
(201,201,0),(48,0,50),(152,0,149),(0,152,152),(0,49,50),(0,0,0),
(201,201,0),(50,0,50),(152,0,149),(0,152,152),(0,49,50),(0,0,0),
}
{
(201,201,0),(48,0,50),(152,0,149),(0,151,151),(0,49,50),(0,0,0),
(201,201,0),(48,0,50),(152,0,149),(0,152,152),(0,49,50),(0,0,0),
(201,201,0),(48,0,50),(152,0,149),(0,152,152),(0,49,50),(0,0,0),
(201,201,0),(50,0,50),(152,0,149),(0,152,152),(0,49,50),(0,0,0),
}
{
(201,201,0),(48,0,50),(152,0,149),(0,151,151),(0,49,50),(0,0,0),
(201,201,0),(48,0,50),(152,0,149),(0,152,152),(0,49,50),(0,0,0),
(201,201,0),(48,0,50),(152,0,149),(0,152,152),(0,49,50),(0,0,0),
(201,201,0),(50,0,50),(152,0,149),(0,152,152),(0,49,50),(0,0,0),
}
{
(201,201,0),(48,0,50),(152,0,149),(0,152,149),(0,49,50),(0,0,0),
(201,201,0),(48,0,50),(152,0,149),(0,152,152),(0,49,50),(0,0,0),
(201,201,0),(48,0,50),(152,0,149),(0,152,152),(0,50,50),(0,0,0),
(201,201,0),(50,0,50),(152,0,149),(0,152,152),(0,50,50),(0,0,0),
}
{
(201,201,0),(48,0,50),(151,0,151),(0,152,149),(0,49,50),(0,0,0),
(201,201,0),(48,0,50),(152,0,149),(0,152,152),(0,49,50),(0,0,0),
(201,201,0),(48,0,50),(152,0,149),(0,152,152),(0,49,50),(0,0,0),
(201,201,0),(50,0,50),(152,0,149),(0,152,152),(0,49,50),(0,0,0),
}
{
(201,201,0),(48,0,50),(152,0,149),(0,152,149),(0,49,50),(0,0,0),
(201,201,0),(48,0,50),(152,0,149),(0,152,152),(0,49,50),(0,0,0),
(201,201,0),(48,0,50),(152,0,149),(0,152,152),(0,49,50),(0,0,0),
(201,201,0),(48,0,50),(152,0,149),(0,152,152),(0,49,50),(0,0,0),
}
{
(187,187,0),(36,0,38),(154,0,154),(0,145,145),(0,50,50),(0,0,0),
(187,183,0),(36,0,38),(154,0,154),(0,145,145),(0,50,50),(0,0,0),
(187,183,0),(36,0,38),(154,0,154),(0,145,145),(0,49,50),(0,0,0),
(187,183,0),(36,0,38),(154,0,154),(0,145,145),(0,49,50),(0,0,0),
}
{
(201,201,0),(0,0,0),(202,0,198),(0,101,101),(0,101,101),(0,0,0),
(201,201,0),(0,0,0),(202,0,198),(0,101,101),(0,101,101),(0,0,0),
(201,201,0),(0,0,0),(202,0,198),(0,101,101),(0,101,101),(0,0,0),
(201,201,0),(0,0,0),(202,0,198),(0,101,101),(0,101,101),(0,0,0),
}
{
(201,201,0),(0,0,1),(201,0,201),(0,101,101),(0,101,101),(0,0,0),
(201,201,0),(0,0,2),(201,0,201),(0,101,101),(0,101,101),(0,0,0),
(201,201,0),(0,0,2),(201,0,201),(0,101,101),(0,101,101),(0,0,0),
(201,201,0),(0,0,1),(201,0,201),(0,101,101),(0,101,101),(0,0,0),
}
{
(150,150,0),(49,49,0),(202,0,198),(0,50,50),(0,152,152),(0,0,0),
(150,150,0),(49,49,0),(202,0,198),(0,50,50),(0,152,152),(0,0,0),
(150,150,0),(49,49,0),(202,0,198),(0,50,50),(0,152,152),(0,0,0),
(150,150,0),(49,49,0),(202,0,198),(0,50,50),(0,152,152),(0,0,0),
}
{
(100,100,0),(100,100,0),(152,0,149),(0,0,0),(0,202,202),(0,0,0),
(100,100,0),(100,100,0),(152,0,149),(0,0,0),(0,202,202),(0,0,0),
(100,100,0),(100,100,0),(152,0,149),(0,0,0),(0,202,202),(0,0,0),
(100,100,0),(100,100,0),(152,0,149),(0,0,0),(0,202,202),(0,0,0),
}
{
(49,49,0),(150,150,0),(101,0,99),(50,0,48),(0,202,202),(0,0,0),
(49,49,0),(150,150,0),(101,0,99),(50,0,48),(0,202,202),(0,0,0),
(49,49,0),(151,151,0),(101,0,99),(50,0,48),(0,202,202),(0,0,0),
(49,49,0),(150,150,0),(101,0,99),(50,0,48),(0,202,202),(0,0,0),
}
{
(0,0,0),(201,201,0),(50,0,48),(101,0,99),(0,152,152),(0,50,50),
(0,0,0),(201,201,0),(50,0,48),(101,0,99),(0,152,152),(0,50,50),
(0,0,0),(201,201,0),(50,0,48),(101,0,99),(0,152,152),(0,50,50),
(0,0,0),(201,201,0),(50,0,48),(101,0,99),(0,152,152),(0,50,50),
}
{
(0,0,0),(192,192,0),(0,0,2),(153,0,153),(0,96,96),(0,101,101),
(0,0,0),(192,192,0),(0,0,2),(153,0,153),(0,96,96),(0,101,101),
(0,0,0),(192,192,0),(0,0,2),(153,0,153),(0,96,96),(0,101,101),
(0,0,0),(192,192,0),(0,0,2),(153,0,153),(0,96,96),(0,101,101),
}
{
(0,0,0),(100,100,0),(100,100,0),(202,0,198),(0,0,0),(0,202,202),
(0,0,0),(100,100,0),(100,100,0),(202,0,198),(0,0,0),(0,202,202),
(0,0,0),(100,100,0),(100,100,0),(202,0,198),(0,0,0),(0,202,202),
(0,0,0),(100,100,0),(100,100,0),(202,0,198),(0,0,0),(0,202,202),
}
{
(0,0,0),(2,2,0),(171,171,0),(111,0,113),(66,0,64),(0,170,170),
(0,0,0),(2,2,0),(171,171,0),(111,0,113),(66,0,66),(0,170,170),
(0,0,0),(2,2,0),(171,171,0),(111,0,113),(65,0,67),(0,170,170),
(0,0,0),(2,2,0),(171,171,0),(111,0,113),(65,0,67),(0,170,170),
}
{
(0,0,0),(0,0,0),(201,201,0),(50,0,48),(152,0,149),(0,101,101),
(0,0,0),(0,0,0),(201,201,0),(50,0,48),(152,0,149),(0,101,101),
(0,0,0),(0,0,0),(201,201,0),(50,0,48),(152,0,149),(0,101,101),
(0,0,0),(0,0,0),(201,201,0),(50,0,48),(152,0,149),(0,101,101),
}
{
(0,0,0),(0,0,0),(100,100,0),(49,49,0),(202,0,198),(0,0,0),
(0,0,0),(0,0,0),(100,100,0),(49,49,0),(202,0,198),(0,0,0),
(0,0,0),(0,0,0),(100,100,0),(49,49,0),(202,0,198),(0,0,0),
(0,0,0),(0,0,0),(100,100,0),(49,49,0),(202,0,198),(0,0,0),
}
{
(0,0,0),(0,0,0),(0,0,0),(150,150,0),(101,0,99),(101,0,99),
(0,0,0),(0,0,0),(0,0,0),(150,150,0),(101,0,99),(101,0,99),
(0,0,0),(0,0,0),(0,0,0),(150,150,0),(101,0,99),(101,0,99),
(0,0,0),(0,0,0),(0,0,0),(150,150,0),(101,0,99),(101,0,99),
}
{
(0,0,0),(0,0,0),(0,0,0),(193,189,0),(40,0,37),(152,0,155),
(0,0,0),(0,0,0),(0,0,0),(193,189,0),(40,0,37),(156,0,153),
(0,0,0),(0,0,0),(0,0,0),(193,189,0),(40,0,38),(156,0,153),
(0,0,0),(0,0,0),(0,0,0),(193,189,0),(40,0,38),(155,0,155),
}
{
(0,0,0),(0,0,0),(0,0,0),(150,150,0),(49,49,0),(202,0,198),
(0,0,0),(0,0,0),(0,0,0),(150,150,0),(49,49,0),(201,0,201),
(0,0,0),(0,0,0),(0,0,0),(150,150,0),(49,49,0),(201,0,201),
(0,0,0),(0,0,0),(0,0,0),(150,150,0),(49,49,0),(201,0,201),
}
{
(0,0,0),(0,0,0),(0,0,0),(49,49,0),(150,150,0),(101,0,99),
(0,0,0),(0,0,0),(0,0,0),(49,49,0),(150,150,0),(101,0,99),
(0,0,0),(0,0,0),(0,0,0),(49,49,0),(150,150,0),(101,0,99),
(0,0,0),(0,0,0),(0,0,0),(49,49,0),(150,150,0),(101,0,99),
}
{
(0,0,0),(0,0,0),(0,0,0),(0,0,0),(201,201,0),(50,0,48),
(0,0,0),(0,0,0),(0,0,0),(0,0,0),(201,201,0),(50,0,48),
(0,0,0),(0,0,0),(0,0,0),(0,0,0),(201,201,0),(50,0,48),
(0,0,0),(0,0,0),(0,0,0),(0,0,0),(201,201,0),(50,0,48),
}
{
(0,0,0),(0,0,0),(0,0,0),(0,0,0),(150,150,0),(49,49,0),
(0,0,0),(0,0,0),(0,0,0),(0,0,0),(150,150,0),(49,49,0),
(0,0,0),(0,0,0),(0,0,0),(0,0,0),(150,150,0),(49,49,0),
(0,0,0),(0,0,0),(0,0,0),(0,0,0),(150,150,0),(49,49,0),
}
{
(0,0,0),(0,0,0),(0,0,0),(0,0,0),(100,100,0),(100,100,0),
(0,0,0),(0,0,0),(0,0,0),(0,0,0),(100,100,0),(100,100,0),
(0,0,0),(0,0,0),(0,0,0),(0,0,0),(100,100,0),(100,100,0),
(0,0,0),(0,0,0),(0,0,0),(0,0,0),(100,100,0),(100,100,0),
}
{
(0,0,0),(0,0,0),(0,0,0),(0,0,0),(49,49,0),(150,150,0),
(0,0,0),(0,0,0),(0,0,0),(0,0,0),(49,49,0),(150,150,0),
(0,0,0),(0,0,0),(0,0,0),(0,0,0),(49,49,0),(150,150,0),
(0,0,0),(0,0,0),(0,0,0),(0,0,0),(49,49,0),(150,150,0),
}
{
(0,0,0),(0,0,0),(0,0,0),(0,0,0),(0,0,0),(201,201,0),
(0,0,0),(0,0,0),(0,0,0),(0,0,0),(0,0,0),(201,201,0),
(0,0,0),(0,0,0),(0,0,0),(0,0,0),(0,0,0),(201,201,0),
(0,0,0),(0,0,0),(0,0,0),(0,0,0),(0,0,0),(201,201,0),
}
{
(0,0,0),(0,0,0),(0,0,0),(0,0,0),(0,0,0),(201,197,0),
(0,0,0),(0,0,0),(0,0,0),(0,0,0),(0,0,0),(201,197,0),
(0,0,0),(0,0,0),(0,0,0),(0,0,0),(0,0,0),(201,197,0),
(0,0,0),(0,0,0),(0,0,0),(0,0,0),(0,0,0),(201,197,0),
}
{
(0,0,0),(0,0,0),(0,0,0),(0,0,0),(0,0,0),(201,201,0),
(0,0,0),(0,0,0),(0,0,0),(0,0,0),(0,0,0),(201,201,0),
(0,0,0),(0,0,0),(0,0,0),(0,0,0),(0,0,0),(201,201,0),
(0,0,0),(0,0,0),(0,0,0),(0,0,0),(0,0,0),(201,201,0),
}
{
(0,0,0),(0,0,0),(0,0,0),(0,0,0),(0,0,0),(151,148,0),
(0,0,0),(0,0,0),(0,0,0),(0,0,0),(0,0,0),(151,148,0),
(0,0,0),(0,0,0),(0,0,0),(0,0,0),(0,0,0),(151,148,0),
(0,0,0),(0,0,0),(0,0,0),(0,0,0),(0,0,0),(151,148,0),
}
{
(0,0,0),(0,0,0),(0,0,0),(0,0,0),(0,0,0),(150,150,0),
(0,0,0),(0,0,0),(0,0,0),(0,0,0),(0,0,0),(150,150,0),
(0,0,0),(0,0,0),(0,0,0),(0,0,0),(0,0,0),(150,150,0),
(0,0,0),(0,0,0),(0,0,0),(0,0,0),(0,0,0),(150,150,0),
}
{
(0,0,0),(0,0,0),(0,0,0),(0,0,0),(0,0,0),(150,150,0),
(0,0,0),(0,0,0),(0,0,0),(0,0,0),(0,0,0),(150,150,0),
(0,0,0),(0,0,0),(0,0,0),(0,0,0),(0,0,0),(150,150,0),
(0,0,0),(0,0,0),(0,0,0),(0,0,0),(0,0,0),(150,150,0),
}
{
(0,0,0),(0,0,0),(0,0,0),(0,0,0),(0,0,0),(150,150,0),
(0,0,0),(0,0,0),(0,0,0),(0,0,0),(0,0,0),(150,150,0),
(0,0,0),(0,0,0),(0,0,0),(0,0,0),(0,0,0),(150,150,0),
(0,0,0),(0,0,0),(0,0,0),(0,0,0),(0,0,0),(150,150,0),
}
{
(0,0,0),(0,0,0),(0,0,0),(0,0,0),(0,0,0),(150,150,0),
(0,0,0),(0,0,0),(0,0,0),(0,0,0),(0,0,0),(150,150,0),
(0,0,0),(0,0,0),(0,0,0),(0,0,0),(0,0,0),(150,150,0),
(0,0,0),(0,0,0),(0,0,0),(0,0,0),(0,0,0),(150,150,0),
}
{
(0,0,0),(0,0,0),(0,0,0),(0,0,0),(0,0,0),(150,150,0),
(0,0,0),(0,0,0),(0,0,0),(0,0,0),(0,0,0),(150,150,0),
(0,0,0),(0,0,0),(0,0,0),(0,0,0),(0,0,0),(150,150,0),
(0,0,0),(0,0,0),(0,0,0),(0,0,0),(0,0,0),(150,150,0),
}
{
(0,0,0),(0,0,0),(0,0,0),(0,0,0),(0,0,0),(150,150,0),
(0,0,0),(0,0,0),(0,0,0),(0,0,0),(0,0,0),(150,150,0),
(0,0,0),(0,0,0),(0,0,0),(0,0,0),(0,0,0),(150,150,0),
(0,0,0),(0,0,0),(0,0,0),(0,0,0),(0,0,0),(150,150,0),
}
{
(0,0,0),(0,0,0),(0,0,0),(0,0,0),(0,0,0),(150,150,0),
(0,0,0),(0,0,0),(0,0,0),(0,0,0),(0,0,0),(150,150,0),
(0,0,0),(0,0,0),(0,0,0),(0,0,0),(0,0,0),(150,150,0),
(0,0,0),(0,0,0),(0,0,0),(0,0,0),(0,0,0),(150,150,0),
}
{
(0,0,0),(0,0,0),(0,0,0),(0,0,0),(0,0,0),(150,150,0),
(0,0,0),(0,0,0),(0,0,0),(0,0,0),(0,0,0),(150,150,0),
(0,0,0),(0,0,0),(0,0,0),(0,0,0),(0,0,0),(150,150,0),
(0,0,0),(0,0,0),(0,0,0),(0,0,0),(0,0,0),(150,150,0),
}
{
(0,0,0),(0,0,0),(0,0,0),(0,0,0),(0,0,0),(151,148,0),
(0,0,0),(0,0,0),(0,0,0),(0,0,0),(0,0,0),(151,148,0),
(0,0,0),(0,0,0),(0,0,0),(0,0,0),(0,0,0),(151,148,0),
(0,0,0),(0,0,0),(0,0,0),(0,0,0),(0,0,0),(151,148,0),
}
{
(0,0,0),(0,0,0),(0,0,0),(0,0,0),(0,0,0),(201,201,0),
(0,0,0),(0,0,0),(0,0,0),(0,0,0),(0,0,0),(201,201,0),
(0,0,0),(0,0,0),(0,0,0),(0,0,0),(0,0,0),(201,201,0),
(0,0,0),(0,0,0),(0,0,0),(0,0,0),(0,0,0),(201,201,0),
}
{
(0,0,0),(0,0,0),(0,0,0),(0,0,0),(0,0,0),(201,201,0),
(0,0,0),(0,0,0),(0,0,0),(0,0,0),(0,0,0),(201,201,0),
(0,0,0),(0,0,0),(0,0,0),(0,0,0),(0,0,0),(201,201,0),
(0,0,0),(0,0,0),(0,0,0),(0,0,0),(0,0,0),(201,201,0),
}
{
(0,0,0),(0,0,0),(0,0,0),(0,0,0),(0,0,2),(201,201,0),
(0,0,0),(0,0,0),(0,0,0),(0,0,0),(0,0,2),(201,201,0),
(0,0,0),(0,0,0),(0,0,0),(0,0,0),(0,0,2),(201,201,0),
(0,0,0),(0,0,0),(0,0,0),(0,0,0),(0,0,2),(201,201,0),
}
{
(0,0,0),(0,0,0),(0,0,0),(0,0,0),(100,100,0),(100,100,0),
(0,0,0),(0,0,0),(0,0,0),(0,0,0),(100,100,0),(100,100,0),
(0,0,0),(0,0,0),(0,0,0),(0,0,0),(100,100,0),(100,100,0),
(0,0,0),(0,0,0),(0,0,0),(0,0,0),(100,100,0),(100,100,0),
}
{
(0,0,0),(0,0,0),(0,0,0),(0,0,0),(150,150,0),(49,49,0),
(0,0,0),(0,0,0),(0,0,0),(0,0,0),(150,150,0),(49,49,0),
(0,0,0),(0,0,0),(0,0,0),(0,0,0),(150,150,0),(49,49,0),
(0,0,0),(0,0,0),(0,0,0),(0,0,0),(151,151,0),(49,49,0),
}
{
(0,0,0),(0,0,0),(0,0,0),(0,0,0),(200,200,0),(0,0,0),
(0,0,0),(0,0,0),(0,0,0),(0,0,0),(200,200,0),(0,0,0),
(0,0,0),(0,0,0),(0,0,0),(0,0,0),(200,200,0),(0,0,0),
(0,0,0),(0,0,0),(0,0,0),(0,0,0),(200,200,0),(0,0,0),
}
{
(0,0,0),(0,0,0),(0,0,0),(49,49,0),(151,148,0),(101,0,99),
(0,0,0),(0,0,0),(0,0,0),(49,49,0),(150,150,0),(101,0,99),
(0,0,0),(0,0,0),(0,0,0),(49,49,0),(150,150,0),(101,0,99),
(0,0,0),(0,0,0),(0,0,0),(49,49,0),(150,150,0),(101,0,99),
}
{
(0,0,0),(0,0,0),(0,0,0),(150,150,0),(49,49,0),(202,0,198),
(0,0,0),(0,0,0),(0,0,0),(150,150,0),(49,49,0),(202,0,198),
(0,0,0),(0,0,0),(0,0,0),(150,150,0),(49,49,0),(202,0,198),
(0,0,0),(0,0,0),(0,0,0),(150,150,0),(49,49,0),(202,0,198),
}
{
(0,0,0),(0,0,0),(0,0,0),(201,201,0),(50,0,48),(152,0,149),
(0,0,0),(0,0,0),(0,0,0),(201,201,0),(50,0,48),(152,0,149),
(0,0,0),(0,0,0),(0,0,0),(201,201,0),(50,0,48),(152,0,149),
(0,0,0),(0,0,0),(0,0,0),(201,201,0),(50,0,48),(152,0,149),
}
{
(0,0,0),(0,0,0),(50,50,0),(85,85,0),(158,0,155),(22,0,22),
(0,0,0),(0,0,0),(50,50,0),(84,84,0),(158,0,158),(22,0,22),
(0,0,0),(0,0,0),(50,50,0),(84,84,0),(158,0,158),(22,0,22),
(0,0,0),(0,0,0),(50,50,0),(84,84,0),(158,0,158),(22,0,22),
}
{
(0,0,0),(0,0,0),(201,201,0),(50,0,48),(152,0,149),(0,101,101),
(0,0,0),(0,0,0),(201,201,0),(50,0,48),(152,0,149),(0,101,101),
(0,0,0),(0,0,0),(201,201,0),(50,0,48),(152,0,149),(0,101,101),
(0,0,0),(0,0,0),(201,201,0),(50,0,48),(152,0,149),(0,101,101),
}
{
(0,0,0),(49,49,0),(150,150,0),(152,0,149),(50,0,48),(0,202,202),
(0,0,0),(49,49,0),(150,150,0),(152,0,149),(50,0,48),(0,202,202),
(0,0,0),(49,49,0),(150,150,0),(152,0,149),(50,0,48),(0,202,202),
(0,0,0),(49,49,0),(150,150,0),(152,0,149),(50,0,48),(0,202,202),
}
{
(0,0,0),(150,150,0),(49,49,0),(202,0,198),(0,50,50),(0,152,152),
(0,0,0),(150,150,0),(49,49,0),(202,0,198),(0,50,50),(0,152,152),
(0,0,0),(150,150,0),(49,49,0),(202,0,198),(0,50,50),(0,152,152),
(0,0,0),(150,150,0),(49,49,0),(202,0,198),(0,50,50),(0,152,152),
}
{
(49,49,0),(152,149,0),(98,0,100),(50,0,48),(0,201,197),(2,0,0),
(49,50,0),(152,149,0),(98,0,100),(50,0,48),(0,201,197),(2,0,0),
(49,50,0),(152,149,0),(98,0,100),(50,0,48),(0,201,197),(2,0,0),
(49,50,0),(152,149,0),(98,0,100),(50,0,48),(0,201,197),(2,0,0),
}
{
(150,150,0),(49,49,0),(202,0,198),(0,50,50),(0,152,152),(0,0,0),
(150,150,0),(49,49,0),(202,0,198),(0,50,50),(0,152,152),(0,0,0),
(150,150,0),(49,49,0),(202,0,198),(0,50,50),(0,152,152),(0,0,0),
(150,150,0),(49,49,0),(202,0,198),(0,50,50),(0,152,152),(0,0,0),
}
{
(201,201,0),(50,0,48),(152,0,152),(0,152,152),(0,50,51),(0,0,0),
(201,201,0),(50,0,48),(152,0,149),(0,152,152),(0,50,50),(0,0,0),
(201,201,0),(50,0,48),(152,0,149),(0,152,152),(0,50,50),(0,0,0),
(201,201,0),(50,0,48),(152,0,149),(0,152,152),(0,50,50),(0,0,0),
}
{
(132,129,0),(109,0,109),(65,0,67),(0,171,171),(0,0,0),(0,0,0),
(132,129,0),(109,0,109),(66,0,68),(0,171,171),(0,0,0),(0,0,0),
(132,129,0),(109,0,109),(67,0,67),(0,171,171),(0,0,0),(0,0,0),
(132,129,0),(109,0,109),(67,0,67),(0,171,171),(0,0,0),(0,0,0),
}
{
(49,49,0),(202,0,198),(0,0,0),(0,152,152),(0,0,0),(0,0,0),
(49,49,0),(202,0,198),(0,0,0),(0,152,152),(0,0,0),(0,0,0),
(49,49,0),(202,0,198),(0,0,0),(0,152,152),(0,0,0),(0,0,0),
(49,49,0),(202,0,198),(0,0,0),(0,152,152),(0,0,0),(0,0,0),
}
{
(50,0,48),(152,0,149),(0,100,100),(0,50,50),(0,0,0),(0,0,0),
(49,0,49),(152,0,149),(0,100,100),(0,50,50),(0,0,0),(0,0,0),
(49,0,49),(152,0,149),(0,100,100),(0,50,50),(0,0,0),(0,0,0),
(49,0,49),(152,0,149),(0,100,100),(0,50,50),(0,0,0),(0,0,0),
}
{
(101,0,99),(101,0,99),(0,152,152),(0,0,0),(0,0,0),(0,0,0),
(100,0,100),(101,0,99),(0,152,152),(0,0,0),(0,0,0),(0,0,0),
(101,0,99),(101,0,99),(0,152,152),(0,0,0),(0,0,0),(0,0,0),
(101,0,99),(101,0,99),(0,152,152),(0,0,0),(0,0,0),(0,0,0),
}
{
(152,0,149),(50,0,48),(0,202,202),(0,0,0),(0,0,0),(0,0,0),
(152,0,149),(50,0,50),(0,202,202),(0,0,0),(0,0,0),(0,0,0),
(152,0,149),(50,0,50),(0,202,202),(0,0,0),(0,0,0),(0,0,0),
(152,0,149),(50,0,50),(0,202,202),(0,0,0),(0,0,0),(0,0,0),
}
{
(202,0,198),(0,0,0),(0,202,202),(0,0,0),(0,0,0),(0,0,0),
(202,0,198),(0,0,0),(0,202,202),(0,0,0),(0,0,0),(0,0,0),
(202,0,198),(0,0,0),(0,201,201),(0,0,0),(0,0,0),(0,0,0),
(202,0,198),(0,0,0),(0,201,201),(0,0,0),(0,0,0),(0,0,0),
}
{
(202,0,198),(0,0,0),(0,202,202),(0,0,0),(0,0,0),(0,0,0),
(202,0,198),(0,0,0),(0,202,202),(0,0,0),(0,0,0),(0,0,0),
(202,0,198),(0,0,0),(0,202,202),(0,0,0),(0,0,0),(0,0,0),
(202,0,198),(0,0,0),(0,202,202),(0,0,0),(0,0,0),(0,0,0),
}
{
(202,0,198),(0,49,50),(0,152,152),(0,0,0),(0,0,0),(0,0,0),
(202,0,198),(0,49,50),(0,152,152),(0,0,0),(0,0,0),(0,0,0),
(202,0,198),(0,49,50),(0,152,152),(0,0,0),(0,0,0),(0,0,0),
(201,0,201),(0,49,50),(0,152,152),(0,0,0),(0,0,0),(0,0,0),
}
{
(202,0,198),(0,49,50),(0,152,152),(0,0,0),(0,0,0),(0,0,0),
(202,0,198),(0,49,50),(0,152,152),(0,0,0),(0,0,0),(0,0,0),
(202,0,198),(0,50,50),(0,152,152),(0,0,0),(0,0,0),(0,0,0),
(202,0,198),(0,50,50),(0,152,152),(0,0,0),(0,0,0),(0,0,0),
}
{
(202,0,198),(0,49,50),(0,152,152),(0,0,0),(0,0,0),(0,0,0),
(202,0,198),(0,50,50),(0,152,152),(0,0,0),(0,0,0),(0,0,0),
(202,0,198),(0,50,50),(0,152,152),(0,0,0),(0,0,0),(0,0,0),
(202,0,198),(0,50,50),(0,152,152),(0,0,0),(0,0,0),(0,0,0),
}
{
(202,0,198),(0,49,50),(0,152,152),(0,0,0),(0,0,0),(0,0,0),
(202,0,198),(0,50,50),(0,152,152),(0,0,0),(0,0,0),(0,0,0),
(202,0,198),(0,50,50),(0,152,152),(0,0,0),(0,0,0),(0,0,0),
(202,0,198),(0,50,50),(0,152,152),(0,0,0),(0,0,0),(0,0,0),
}
{
(202,0,198),(0,49,50),(0,152,152),(0,0,0),(0,0,0),(0,0,0),
(202,0,198),(0,50,50),(0,152,152),(0,0,0),(0,0,0),(0,0,0),
(202,0,198),(0,50,50),(0,152,152),(0,0,0),(0,0,0),(0,0,0),
(202,0,198),(0,50,50),(0,152,152),(0,0,0),(0,0,0),(0,0,0),
}
{
(202,0,198),(0,49,50),(0,152,152),(0,0,0),(0,0,0),(0,0,0),
(202,0,198),(0,50,50),(0,152,152),(0,0,0),(0,0,0),(0,0,0),
(202,0,198),(0,50,50),(0,152,152),(0,0,0),(0,0,0),(0,0,0),
(202,0,198),(0,50,50),(0,152,152),(0,0,0),(0,0,0),(0,0,0),
}
{
(202,0,198),(0,49,50),(0,152,152),(0,0,0),(0,0,0),(0,0,0),
(202,0,198),(0,49,50),(0,152,152),(0,0,0),(0,0,0),(0,0,0),
(202,0,198),(0,50,50),(0,152,152),(0,0,0),(0,0,0),(0,0,0),
(202,0,198),(0,50,50),(0,152,152),(0,0,0),(0,0,0),(0,0,0),
}
{
(202,0,198),(0,50,50),(0,152,152),(0,0,0),(0,0,0),(0,0,0),
(202,0,198),(0,50,50),(0,152,152),(0,0,0),(0,0,0),(0,0,0),
(202,0,198),(0,50,50),(0,152,152),(0,0,0),(0,0,0),(0,0,0),
(202,0,198),(0,50,50),(0,152,152),(0,0,0),(0,0,0),(0,0,0),
}
{
(202,0,198),(0,50,50),(0,152,152),(0,0,0),(0,0,0),(0,0,0),
(202,0,198),(0,49,50),(0,152,152),(0,0,0),(0,0,0),(0,0,0),
(202,0,198),(0,49,50),(0,152,152),(0,0,0),(0,0,0),(0,0,0),
(202,0,198),(0,49,50),(0,152,152),(0,0,0),(0,0,0),(0,0,0),
}
{
(201,0,201),(0,0,0),(0,202,202),(0,0,0),(0,0,0),(0,0,0),
(201,0,201),(0,0,0),(0,202,202),(0,0,0),(0,0,0),(0,0,0),
(201,0,201),(0,0,0),(0,202,202),(0,0,0),(0,0,0),(0,0,0),
(201,0,201),(0,0,0),(0,202,202),(0,0,0),(0,0,0),(0,0,0),
}
{
(202,0,198),(0,0,0),(0,202,202),(0,0,0),(0,0,0),(0,0,0),
(202,0,198),(0,0,0),(0,202,202),(0,0,0),(0,0,0),(0,0,0),
(202,0,198),(0,0,0),(0,202,202),(0,0,0),(0,0,0),(0,0,0),
(202,0,198),(0,0,0),(0,202,202),(0,0,0),(0,0,0),(0,0,0),
}
{
(152,0,149),(50,0,48),(0,202,202),(0,0,0),(0,0,0),(0,0,0),
(152,0,149),(50,0,48),(0,202,202),(0,0,0),(0,0,0),(0,0,0),
(152,0,149),(50,0,48),(0,202,202),(0,0,0),(0,0,0),(0,0,0),
(152,0,149),(50,0,48),(0,202,202),(0,0,0),(0,0,0),(0,0,0),
}
{
(101,0,99),(100,0,100),(0,152,152),(0,0,0),(0,0,0),(0,0,0),
(101,0,99),(100,0,100),(0,152,152),(0,0,0),(0,0,0),(0,0,0),
(101,0,99),(100,0,100),(0,152,152),(0,0,0),(0,0,0),(0,0,0),
(101,0,99),(100,0,100),(0,152,152),(0,0,0),(0,0,0),(0,0,0),
}
{
(54,0,54),(133,0,133),(0,103,103),(0,27,27),(0,0,0),(0,0,0),
(54,0,54),(133,0,133),(0,103,103),(0,27,27),(0,0,0),(0,0,0),
(54,0,54),(133,0,133),(0,103,103),(0,27,27),(0,0,0),(0,0,0),
(53,0,55),(133,0,133),(0,103,103),(0,27,27),(0,0,0),(0,0,0),
}
{
(0,0,1),(202,0,198),(0,50,50),(0,101,101),(0,0,0),(0,0,0),
(0,0,1),(202,0,198),(0,50,50),(0,101,101),(0,0,0),(0,0,0),
(0,0,1),(202,0,198),(0,50,50),(0,101,101),(0,0,0),(0,0,0),
(0,0,1),(202,0,198),(0,50,50),(0,101,101),(0,0,0),(0,0,0),
}
{
(50,48,0),(202,0,198),(0,0,0),(0,152,152),(0,0,0),(0,0,0),
(50,48,0),(202,0,198),(0,0,0),(0,152,152),(0,0,0),(0,0,0),
(50,48,0),(202,0,198),(0,0,0),(0,152,152),(0,0,0),(0,0,0),
(50,48,0),(202,0,198),(0,0,0),(0,152,152),(0,0,0),(0,0,0),
}
{
(116,116,0),(116,0,118),(64,0,64),(0,183,183),(0,0,0),(0,0,0),
(116,116,0),(116,0,118),(62,0,64),(0,182,182),(0,0,0),(0,0,0),
(116,114,0),(116,0,118),(62,0,64),(0,182,182),(0,0,0),(0,0,0),
(116,116,0),(116,0,118),(62,0,64),(0,182,182),(0,0,0),(0,0,0),
}
{
(201,197,0),(50,0,48),(152,0,149),(0,152,152),(0,50,50),(0,0,0),
(201,197,0),(50,0,48),(152,0,149),(0,152,152),(0,50,50),(0,0,0),
(201,197,0),(50,0,48),(152,0,149),(0,152,152),(0,50,50),(0,0,0),
(201,197,0),(50,0,48),(152,0,149),(0,152,152),(0,50,50),(0,0,0),
}
{
(151,148,0),(50,48,0),(202,0,198),(0,50,50),(0,152,152),(0,0,0),
(151,148,0),(49,49,0),(202,0,198),(0,50,50),(0,152,152),(0,0,0),
(151,148,0),(49,49,0),(202,0,198),(0,50,50),(0,152,152),(0,0,0),
(150,150,0),(49,49,0),(202,0,198),(0,50,50),(0,152,152),(0,0,0),
}
{
(100,100,0),(100,100,0),(152,0,149),(0,0,0),(0,202,202),(0,0,0),
(100,100,0),(100,100,0),(152,0,149),(0,0,0),(0,202,202),(0,0,0),
(100,100,0),(100,100,0),(152,0,149),(0,0,0),(0,202,202),(0,0,0),
(100,100,0),(100,100,0),(152,0,149),(0,0,0),(0,202,202),(0,0,0),
}
{
(0,0,0),(201,201,0),(50,0,48),(101,0,99),(0,152,152),(0,50,50),
(0,0,0),(201,201,0),(50,0,48),(101,0,99),(0,152,152),(0,50,50),
(0,0,0),(201,201,0),(50,0,48),(101,0,99),(0,152,152),(0,50,50),
(0,0,0),(201,201,0),(50,0,48),(101,0,99),(0,152,152),(0,50,50),
}
{
(0,0,0),(151,148,0),(49,49,0),(202,0,198),(0,50,50),(0,152,152),
(0,0,0),(150,150,0),(50,48,0),(202,0,198),(0,50,50),(0,152,152),
(0,0,0),(150,150,0),(50,48,0),(202,0,198),(0,50,50),(0,152,152),
(0,0,0),(151,148,0),(50,48,0),(202,0,198),(0,50,50),(0,152,152),
}
{
(0,0,0),(52,48,0),(150,150,0),(153,0,150),(43,0,43),(0,196,196),
(0,0,0),(51,48,0),(150,150,0),(152,0,152),(43,0,43),(0,196,196),
(0,0,0),(51,48,0),(150,150,0),(152,0,152),(43,0,43),(0,196,196),
(0,0,0),(51,48,0),(150,150,0),(152,0,152),(43,0,43),(0,196,196),
}
{
(0,0,0),(0,0,0),(201,201,0),(101,0,101),(101,0,99),(0,152,152),
(0,0,0),(0,0,0),(201,201,0),(101,0,101),(101,0,99),(0,152,152),
(0,0,0),(0,0,0),(201,201,0),(101,0,101),(101,0,99),(0,152,152),
(0,0,0),(0,0,0),(201,201,0),(101,0,101),(101,0,99),(0,152,152),
}
{
(0,0,0),(0,0,0),(150,150,0),(0,0,0),(202,0,198),(0,50,50),
(0,0,0),(0,0,0),(150,150,0),(0,0,0),(202,0,198),(0,50,50),
(0,0,0),(0,0,0),(150,150,0),(0,0,0),(202,0,198),(0,50,50),
(0,0,0),(0,0,0),(150,150,0),(0,0,0),(202,0,198),(0,50,50),
}
{
(0,0,0),(0,0,0),(100,100,0),(49,49,0),(202,0,198),(0,0,0),
(0,0,0),(0,0,0),(100,100,0),(49,49,0),(202,0,198),(0,0,0),
(0,0,0),(0,0,0),(100,100,0),(49,49,0),(202,0,198),(0,0,0),
(0,0,0),(0,0,0),(100,100,0),(49,49,0),(202,0,198),(0,0,0),
}
{
(0,0,0),(0,0,0),(23,21,0),(105,103,0),(125,0,128),(54,0,54),
(0,0,0),(0,0,0),(23,21,0),(105,103,0),(125,0,128),(54,0,54),
(0,0,0),(0,0,0),(23,21,0),(105,103,0),(125,0,128),(53,0,55),
(0,0,0),(0,0,0),(23,21,0),(105,103,0),(125,0,128),(54,0,54),
}
{
(0,0,0),(0,0,0),(0,0,0),(201,201,0),(50,0,50),(148,0,148),
(0,0,0),(0,0,0),(0,0,0),(201,201,0),(50,0,50),(148,0,148),
(0,0,0),(0,0,0),(0,0,0),(201,201,0),(50,0,50),(149,0,146),
(0,0,0),(0,0,0),(0,0,0),(201,201,0),(50,0,50),(149,0,146),
}
{
(0,0,0),(0,0,0),(0,0,0),(198,194,0),(1,0,2),(191,0,187),
(0,0,0),(0,0,0),(0,0,0),(198,194,0),(1,0,2),(191,0,187),
(0,0,0),(0,0,0),(0,0,0),(198,194,0),(1,0,2),(191,0,187),
(0,0,0),(0,0,0),(0,0,0),(198,194,0),(1,0,2),(191,0,187),
}
{
(0,0,0),(0,0,0),(0,0,0),(201,201,0),(0,0,0),(202,0,198),
(0,0,0),(0,0,0),(0,0,0),(201,201,0),(0,0,0),(202,0,198),
(0,0,0),(0,0,0),(0,0,0),(201,201,0),(0,0,0),(202,0,198),
(0,0,0),(0,0,0),(0,0,0),(201,201,0),(0,0,0),(202,0,198),
}
{
(0,0,0),(0,0,0),(0,0,0),(150,150,0),(49,49,0),(202,0,198),
(0,0,0),(0,0,0),(0,0,0),(150,150,0),(49,49,0),(202,0,198),
(0,0,0),(0,0,0),(0,0,0),(150,150,0),(49,49,0),(202,0,198),
(0,0,0),(0,0,0),(0,0,0),(150,150,0),(49,49,0),(202,0,198),
}
{
(0,0,0),(0,0,0),(0,0,0),(150,150,0),(49,49,0),(202,0,198),
(0,0,0),(0,0,0),(0,0,0),(150,150,0),(49,49,0),(202,0,198),
(0,0,0),(0,0,0),(0,0,0),(150,150,0),(49,49,0),(202,0,198),
(0,0,0),(0,0,0),(0,0,0),(150,150,0),(49,49,0),(202,0,198),
}
{
(0,0,0),(0,0,0),(0,0,0),(100,100,0),(100,100,0),(152,0,149),
(0,0,0),(0,0,0),(0,0,0),(100,100,0),(100,100,0),(152,0,149),
(0,0,0),(0,0,0),(0,0,0),(100,100,0),(100,100,0),(152,0,149),
(0,0,0),(0,0,0),(0,0,0),(100,100,0),(100,100,0),(152,0,149),
}
{
(0,0,0),(0,0,0),(0,0,0),(100,100,0),(100,100,0),(152,0,149),
(0,0,0),(0,0,0),(0,0,0),(100,100,0),(100,100,0),(152,0,149),
(0,0,0),(0,0,0),(0,0,0),(100,100,0),(100,100,0),(152,0,149),
(0,0,0),(0,0,0),(0,0,0),(100,100,0),(100,100,0),(152,0,149),
}
{
(0,0,0),(0,0,0),(0,0,0),(100,100,0),(100,100,0),(152,0,149),
(0,0,0),(0,0,0),(0,0,0),(100,100,0),(100,100,0),(152,0,149),
(0,0,0),(0,0,0),(0,0,0),(100,100,0),(100,100,0),(152,0,149),
(0,0,0),(0,0,0),(0,0,0),(100,100,0),(100,100,0),(152,0,149),
}
{
(0,0,0),(0,0,0),(0,0,0),(100,100,0),(100,100,0),(152,0,149),
(0,0,0),(0,0,0),(0,0,0),(100,100,0),(100,100,0),(152,0,149),
(0,0,0),(0,0,0),(0,0,0),(100,100,0),(100,100,0),(152,0,149),
(0,0,0),(0,0,0),(0,0,0),(100,100,0),(100,100,0),(152,0,149),
}
{
(0,0,0),(0,0,0),(0,0,0),(100,100,0),(100,100,0),(152,0,149),
(0,0,0),(0,0,0),(0,0,0),(100,100,0),(100,100,0),(152,0,149),
(0,0,0),(0,0,0),(0,0,0),(100,100,0),(100,100,0),(152,0,149),
(0,0,0),(0,0,0),(0,0,0),(100,100,0),(100,100,0),(152,0,149),
}
{
(0,0,0),(0,0,0),(0,0,0),(100,100,0),(100,100,0),(152,0,149),
(0,0,0),(0,0,0),(0,0,0),(100,100,0),(100,100,0),(152,0,149),
(0,0,0),(0,0,0),(0,0,0),(100,100,0),(100,100,0),(152,0,149),
(0,0,0),(0,0,0),(0,0,0),(100,100,0),(100,100,0),(152,0,149),
}
{
(0,0,0),(0,0,0),(0,0,0),(100,100,0),(100,100,0),(152,0,149),
(0,0,0),(0,0,0),(0,0,0),(100,100,0),(100,100,0),(152,0,149),
(0,0,0),(0,0,0),(0,0,0),(100,100,0),(100,100,0),(152,0,149),
(0,0,0),(0,0,0),(0,0,0),(100,100,0),(100,100,0),(152,0,149),
}
{
(0,0,0),(0,0,0),(0,0,0),(100,100,0),(100,100,0),(152,0,149),
(0,0,0),(0,0,0),(0,0,0),(100,100,0),(100,100,0),(152,0,149),
(0,0,0),(0,0,0),(0,0,0),(100,100,0),(100,100,0),(152,0,149),
(0,0,0),(0,0,0),(0,0,0),(100,100,0),(100,100,0),(152,0,149),
}
{
(0,0,0),(0,0,0),(0,0,0),(100,100,0),(100,100,0),(152,0,149),
(0,0,0),(0,0,0),(0,0,0),(100,100,0),(100,100,0),(152,0,149),
(0,0,0),(0,0,0),(0,0,0),(100,100,0),(100,100,0),(152,0,149),
(0,0,0),(0,0,0),(0,0,0),(100,100,0),(100,100,0),(152,0,149),
}
{
(0,0,0),(0,0,0),(0,0,0),(150,150,0),(49,49,0),(202,0,198),
(0,0,0),(0,0,0),(0,0,0),(150,150,0),(49,49,0),(202,0,198),
(0,0,0),(0,0,0),(0,0,0),(150,150,0),(49,49,0),(202,0,198),
(0,0,0),(0,0,0),(0,0,0),(150,150,0),(49,49,0),(202,0,198),
}
{
(0,0,0),(0,0,0),(0,0,0),(150,150,0),(49,50,0),(202,0,198),
(0,0,0),(0,0,0),(0,0,0),(150,150,0),(49,50,0),(201,0,201),
(0,0,0),(0,0,0),(0,0,0),(150,150,0),(49,50,0),(201,0,201),
(0,0,0),(0,0,0),(0,0,0),(150,150,0),(49,50,0),(202,0,198),
}
{
(0,0,0),(0,0,0),(0,0,0),(201,201,0),(0,0,0),(202,0,198),
(0,0,0),(0,0,0),(0,0,0),(201,201,0),(0,0,0),(202,0,198),
(0,0,0),(0,0,0),(0,0,0),(201,201,0),(0,0,0),(202,0,198),
(0,0,0),(0,0,0),(0,0,0),(201,201,0),(0,0,0),(202,0,198),
}
{
(0,0,0),(0,0,0),(0,0,0),(201,201,0),(50,0,48),(152,0,149),
(0,0,0),(0,0,0),(0,0,0),(201,201,0),(50,0,48),(152,0,149),
(0,0,0),(0,0,0),(0,0,0),(201,201,0),(50,0,48),(152,0,149),
(0,0,0),(0,0,0),(0,0,0),(201,201,0),(50,0,48),(152,0,149),
}
{
(0,0,0),(0,0,0),(0,0,1),(150,150,0),(101,0,99),(101,0,99),
(0,0,0),(0,0,0),(0,0,1),(150,150,0),(101,0,99),(101,0,99),
(0,0,0),(0,0,0),(0,0,0),(150,150,0),(101,0,99),(101,0,99),
(0,0,0),(0,0,0),(0,0,0),(150,150,0),(101,0,99),(101,0,99),
}
{
(0,0,0),(0,0,0),(100,100,0),(49,49,0),(202,0,198),(0,0,0),
(0,0,0),(0,0,0),(100,100,0),(49,49,0),(202,0,198),(0,0,0),
(0,0,0),(0,0,0),(100,100,0),(49,49,0),(202,0,198),(0,0,0),
(0,0,0),(0,0,0),(100,100,0),(49,49,0),(202,0,198),(0,0,0),
}
{
(0,0,0),(0,0,0),(151,148,0),(2,0,2),(187,0,183),(0,51,49),
(0,0,0),(0,0,0),(151,148,0),(2,0,2),(186,0,186),(0,51,51),
(0,0,0),(0,0,0),(151,148,0),(2,0,2),(187,0,183),(0,51,49),
(0,0,0),(0,0,0),(151,148,0),(2,0,2),(187,0,183),(0,51,49),
}
{
(0,0,0),(3,3,0),(162,162,0),(114,0,112),(63,0,63),(0,166,163),
(0,0,0),(3,3,0),(162,162,0),(114,0,112),(63,0,63),(0,166,163),
(0,0,0),(3,3,0),(162,162,0),(114,0,112),(63,0,63),(0,166,163),
(0,0,0),(3,3,0),(162,162,0),(114,0,112),(63,0,63),(0,166,163),
}
{
(0,0,0),(100,100,0),(100,100,0),(201,0,201),(0,0,0),(0,202,202),
(0,0,0),(100,100,0),(100,100,0),(201,0,201),(0,0,0),(0,202,202),
(0,0,0),(100,100,0),(100,100,0),(201,0,201),(0,0,0),(0,202,202),
(0,0,0),(100,100,0),(100,100,0),(201,0,201),(0,0,0),(0,202,202),
}
{
(0,0,0),(201,201,0),(50,0,48),(101,0,99),(0,152,152),(0,50,50),
(0,0,0),(201,201,0),(50,0,48),(101,0,99),(0,152,152),(0,50,50),
(0,0,0),(201,201,0),(50,0,48),(101,0,99),(0,152,152),(0,50,50),
(0,0,0),(201,201,0),(50,0,48),(101,0,99),(0,152,152),(0,50,50),
}
{
(100,100,0),(100,100,0),(152,0,149),(0,0,0),(0,202,202),(0,0,0),
(100,100,0),(100,100,0),(152,0,149),(0,0,0),(0,202,202),(0,0,0),
(100,100,0),(100,100,0),(152,0,149),(0,0,0),(0,202,202),(0,0,0),
(100,100,0),(100,100,0),(152,0,149),(0,0,0),(0,202,202),(0,0,0),
}
{
(201,201,0),(0,0,0),(202,0,198),(0,101,101),(0,101,101),(0,0,0),
(201,201,0),(0,0,0),(202,0,198),(0,101,101),(0,101,101),(0,0,0),
(201,201,0),(0,0,0),(202,0,198),(0,101,101),(0,101,101),(0,0,0),
(201,201,0),(0,0,0),(202,0,198),(0,101,101),(0,101,101),(0,0,0),
}
{
(151,151,0),(101,0,99),(100,0,100),(0,202,202),(0,0,0),(0,0,0),
(151,151,0),(101,0,99),(101,0,101),(0,202,202),(0,0,0),(0,0,0),
(151,151,0),(101,0,99),(101,0,101),(0,202,202),(0,0,0),(0,0,0),
(151,151,0),(101,0,99),(101,0,101),(0,202,202),(0,0,0),(0,0,0),
}
{
(0,0,0),(202,0,198),(0,50,50),(0,101,101),(0,0,0),(0,0,0),
(0,0,0),(202,0,198),(0,50,50),(0,101,101),(0,0,0),(0,0,0),
(0,0,0),(202,0,198),(0,50,50),(0,101,101),(0,0,0),(0,0,0),
(0,0,0),(202,0,198),(0,50,50),(0,101,101),(0,0,0),(0,0,0),
}
{
(101,0,99),(101,0,99),(0,152,152),(0,0,0),(0,0,0),(0,0,0),
(101,0,99),(101,0,99),(0,152,152),(0,0,0),(0,0,0),(0,0,0),
(101,0,99),(101,0,99),(0,152,152),(0,0,0),(0,0,0),(0,0,0),
(101,0,99),(101,0,99),(0,152,152),(0,0,0),(0,0,0),(0,0,0),
}
{
(202,0,198),(0,0,0),(0,202,202),(0,0,0),(0,0,0),(0,0,0),
(202,0,198),(0,0,0),(0,202,202),(0,0,0),(0,0,0),(0,0,0),
(202,0,198),(0,0,0),(0,202,202),(0,0,0),(0,0,0),(0,0,0),
(202,0,198),(0,0,0),(0,202,202),(0,0,0),(0,0,0),(0,0,0),
}
{
(152,0,152),(0,100,100),(0,101,101),(0,0,0),(0,0,0),(0,0,0),
(152,0,149),(0,101,101),(0,101,101),(0,0,0),(0,0,0),(0,0,0),
(152,0,149),(0,101,101),(0,101,101),(0,0,0),(0,0,0),(0,0,0),
(152,0,149),(0,101,101),(0,101,101),(0,0,0),(0,0,0),(0,0,0),
}
{
(50,0,50),(0,201,201),(0,0,1),(0,0,0),(0,0,0),(0,0,0),
(50,0,50),(0,202,202),(0,0,1),(0,0,0),(0,0,0),(0,0,0),
(50,0,50),(0,202,202),(0,0,0),(0,0,0),(0,0,0),(0,0,0),
(50,0,50),(0,202,202),(0,0,0),(0,0,0),(0,0,0),(0,0,0),
}
{
(0,0,0),(0,202,202),(0,0,1),(0,0,0),(0,0,0),(0,0,0),
(0,0,0),(0,202,202),(0,0,1),(0,0,0),(0,0,0),(0,0,0),
(0,0,0),(0,202,202),(0,0,0),(0,0,0),(0,0,0),(0,0,0),
(0,0,0),(0,202,202),(0,0,0),(0,0,0),(0,0,0),(0,0,0),
}
{
(0,67,67),(0,106,108),(0,0,1),(0,0,0),(0,0,0),(0,0,0),
(0,67,67),(0,108,108),(0,0,1),(0,0,0),(0,0,0),(0,0,0),
(0,66,66),(0,108,108),(0,0,0),(0,0,0),(0,0,0),(0,0,0),
(0,66,66),(0,107,107),(0,0,0),(0,0,0),(0,0,0),(0,0,0),
}
{
(0,146,146),(0,50,52),(0,0,1),(0,0,0),(0,0,0),(0,0,0),
(0,146,146),(0,50,53),(0,0,0),(0,0,0),(0,0,0),(0,0,0),
(0,146,146),(0,50,53),(0,0,0),(0,0,0),(0,0,0),(0,0,0),
(0,146,146),(0,50,53),(0,0,0),(0,0,0),(0,0,0),(0,0,0),
}
{
(0,152,152),(0,50,50),(0,0,1),(0,0,0),(0,0,0),(0,0,0),
(0,152,152),(0,50,50),(0,0,0),(0,0,0),(0,0,0),(0,0,0),
(0,152,152),(0,50,50),(0,0,0),(0,0,0),(0,0,0),(0,0,0),
(0,152,152),(0,50,50),(0,0,0),(0,0,0),(0,0,0),(0,0,0),
}
{
(0,202,202),(0,0,0),(0,0,1),(0,0,0),(0,0,0),(0,0,0),
(0,202,202),(0,0,0),(0,0,0),(0,0,0),(0,0,0),(0,0,0),
(0,202,202),(0,0,0),(0,0,0),(0,0,0),(0,0,0),(0,0,0),
(0,202,202),(0,0,0),(0,0,0),(0,0,0),(0,0,0),(0,0,0),
}
{
(0,190,190),(0,0,0),(0,0,1),(0,0,0),(0,0,0),(0,0,0),
(0,190,190),(0,0,0),(0,0,0),(0,0,0),(0,0,0),(0,0,0),
(0,190,190),(0,0,0),(0,0,0),(0,0,0),(0,0,0),(0,0,0),
(0,190,190),(0,0,0),(0,0,0),(0,0,0),(0,0,0),(0,0,0),
}
{
(0,201,201),(0,0,0),(0,0,1),(0,0,0),(0,0,0),(0,0,0),
(0,202,198),(0,0,0),(0,0,0),(0,0,0),(0,0,0),(0,0,0),
(0,202,198),(0,0,0),(0,0,0),(0,0,0),(0,0,0),(0,0,0),
(0,202,202),(0,0,0),(0,0,0),(0,0,0),(0,0,0),(0,0,0),
}
{
(0,201,201),(0,0,0),(0,0,1),(0,0,0),(0,0,0),(0,0,0),
(0,202,198),(0,0,0),(0,0,0),(0,0,0),(0,0,0),(0,0,0),
(0,201,201),(0,0,0),(0,0,0),(0,0,0),(0,0,0),(0,0,0),
(0,201,201),(0,0,0),(0,0,0),(0,0,0),(0,0,0),(0,0,0),
}
#====================================================================
