#====================================================================
# Create at 2022/10/26 17:48:46
#====================================================================
< "fps":10 >
< "frame":129 >
< "rows":4 >
< "columns":6 >
#====================================================================
{
(0,21,65),(0,26,68),(0,47,115),(0,43,108),(0,31,82),(0,18,61),
(0,36,100),(0,27,74),(0,30,83),(0,29,81),(6,21,55),(0,18,55),
(0,27,69),(0,30,87),(0,40,105),(0,27,66),(0,15,45),(9,24,44),
(5,21,54),(0,21,64),(0,38,100),(0,41,104),(0,22,58),(0,28,68),
}
{
(0,18,55),(0,22,66),(0,44,110),(0,43,109),(0,31,85),(0,18,63),
(0,36,99),(0,24,73),(0,31,83),(0,30,79),(0,15,45),(0,21,64),
(0,29,78),(0,28,78),(0,34,89),(0,26,69),(0,18,57),(9,25,46),
(0,13,47),(0,18,56),(0,37,101),(0,41,114),(2,18,47),(0,22,60),
}
{
(0,19,57),(0,26,76),(0,47,115),(0,42,105),(0,23,71),(0,31,93),
(0,39,109),(0,19,52),(0,30,84),(0,30,92),(0,20,59),(0,24,74),
(0,37,103),(0,19,56),(0,38,101),(0,26,71),(0,17,56),(0,18,50),
(0,26,69),(0,31,87),(0,32,84),(0,44,122),(0,16,50),(0,24,70),
}
{
(0,15,54),(0,31,100),(0,43,109),(0,41,109),(0,21,64),(0,22,70),
(0,24,74),(0,13,43),(0,30,77),(0,28,77),(0,19,56),(0,20,62),
(0,19,56),(0,23,61),(0,39,98),(0,32,85),(0,15,46),(0,23,63),
(0,18,55),(0,15,48),(0,37,97),(0,29,85),(0,19,52),(0,21,56),
}
{
(0,18,56),(0,25,77),(0,39,108),(0,36,100),(0,25,64),(0,25,82),
(0,25,76),(13,30,64),(0,30,87),(0,29,76),(0,22,68),(0,26,72),
(0,26,63),(0,19,54),(0,39,104),(0,28,79),(0,16,44),(0,20,59),
(0,14,47),(0,13,42),(0,36,96),(0,48,121),(0,16,48),(0,20,59),
}
{
(0,24,71),(0,21,62),(0,43,113),(0,46,126),(0,19,52),(0,28,78),
(0,30,84),(0,19,53),(0,31,81),(0,39,94),(0,27,72),(0,28,72),
(0,29,69),(0,28,69),(0,38,105),(0,32,84),(0,15,46),(0,19,53),
(0,19,58),(6,22,54),(0,39,109),(0,29,77),(0,15,43),(0,24,71),
}
{
(0,20,60),(0,14,49),(0,39,109),(0,42,111),(0,17,55),(0,28,81),
(0,25,74),(0,17,51),(0,26,78),(0,30,88),(0,28,75),(0,31,86),
(0,24,67),(0,29,81),(0,35,92),(0,39,103),(0,15,44),(0,21,64),
(0,15,52),(0,20,60),(0,38,106),(0,31,85),(2,13,37),(14,33,65),
}
{
(0,20,55),(0,23,62),(0,39,108),(0,41,108),(0,14,42),(0,24,77),
(0,24,67),(1,12,34),(0,30,84),(0,30,84),(0,22,61),(0,29,81),
(0,16,50),(0,14,43),(0,44,115),(0,38,100),(2,13,36),(2,17,48),
(0,29,78),(0,15,45),(0,29,78),(0,31,85),(9,26,59),(4,18,49),
}
{
(0,23,61),(0,18,46),(0,35,100),(0,42,111),(0,18,54),(0,20,65),
(0,26,69),(0,22,63),(0,34,90),(0,32,89),(0,29,77),(0,23,67),
(0,14,43),(0,22,56),(0,33,90),(0,36,100),(0,20,50),(6,14,29),
(10,25,47),(9,28,59),(0,29,80),(0,30,79),(0,22,71),(11,20,39),
}
{
(0,21,69),(0,23,61),(0,42,115),(0,41,104),(0,18,56),(0,27,78),
(0,33,83),(0,29,74),(0,32,94),(0,30,82),(0,23,66),(0,28,79),
(0,18,49),(0,17,43),(0,37,97),(0,35,97),(0,15,41),(0,23,65),
(0,28,79),(0,18,51),(0,32,89),(0,31,86),(0,17,51),(0,23,70),
}
{
(0,21,65),(0,31,81),(0,33,91),(0,50,126),(0,23,61),(0,27,78),
(0,26,73),(0,20,62),(0,34,95),(0,36,96),(0,18,60),(0,20,59),
(0,31,85),(0,31,91),(0,33,90),(0,34,87),(0,16,46),(3,17,48),
(0,34,99),(0,31,85),(0,34,90),(0,41,107),(0,20,60),(0,17,54),
}
{
(0,16,46),(0,21,64),(0,37,93),(0,41,108),(0,18,57),(0,21,64),
(0,16,48),(0,19,56),(0,30,82),(0,30,84),(0,20,57),(0,22,58),
(0,23,74),(0,18,54),(0,39,108),(0,43,109),(0,13,41),(0,14,37),
(0,17,51),(0,22,60),(0,44,121),(0,32,84),(0,24,71),(0,18,54),
}
{
(0,16,49),(0,20,60),(0,34,90),(0,40,105),(0,17,47),(0,20,61),
(0,25,66),(0,26,77),(0,33,96),(0,29,84),(0,14,45),(0,21,59),
(0,24,76),(0,20,60),(0,35,98),(0,46,127),(0,20,57),(0,14,42),
(0,22,66),(0,16,44),(0,39,104),(0,35,98),(0,16,47),(4,13,33),
}
{
(0,26,75),(0,20,60),(0,36,94),(0,42,117),(0,23,64),(0,28,75),
(0,23,66),(0,23,69),(0,35,102),(0,32,88),(0,12,38),(0,22,67),
(0,25,75),(0,25,72),(0,34,95),(0,36,100),(0,24,63),(1,17,48),
(0,18,53),(5,16,39),(0,31,85),(0,32,93),(0,18,52),(0,22,64),
}
{
(0,18,57),(0,28,78),(0,38,95),(0,43,114),(0,24,67),(0,29,80),
(0,31,83),(0,32,86),(0,35,97),(0,33,88),(0,11,39),(0,28,75),
(0,38,111),(0,20,65),(0,34,91),(0,44,122),(0,18,48),(0,20,57),
(0,18,50),(4,15,39),(0,29,81),(0,35,101),(0,29,81),(0,23,63),
}
{
(0,18,66),(0,27,75),(0,40,100),(0,41,104),(0,18,53),(0,26,77),
(0,24,65),(0,20,59),(0,35,92),(0,33,90),(0,10,34),(0,17,51),
(0,24,70),(0,20,58),(0,34,98),(0,55,138),(0,18,52),(0,39,102),
(0,18,51),(0,21,60),(0,33,87),(0,38,106),(7,25,56),(0,22,65),
}
{
(0,16,49),(0,28,80),(0,37,97),(0,45,110),(0,22,59),(0,28,77),
(0,19,52),(0,33,92),(0,33,96),(0,30,90),(0,18,54),(0,17,50),
(0,28,80),(0,48,122),(0,36,99),(0,42,110),(0,21,65),(0,21,59),
(0,16,53),(0,22,66),(0,33,83),(0,37,103),(0,16,50),(3,18,51),
}
{
(0,24,69),(0,30,87),(0,42,110),(0,41,104),(0,28,74),(0,22,66),
(0,21,58),(0,28,75),(0,36,94),(0,35,93),(5,18,39),(0,19,57),
(0,29,76),(0,31,86),(0,45,123),(0,42,107),(0,23,66),(0,17,55),
(0,18,54),(0,26,69),(0,29,77),(0,34,87),(0,15,42),(3,18,49),
}
{
(0,24,71),(0,24,67),(0,40,102),(0,39,107),(0,22,58),(0,24,68),
(0,21,64),(0,23,68),(0,35,93),(0,26,75),(2,11,35),(0,15,46),
(0,28,80),(0,34,93),(0,41,114),(0,38,106),(0,24,68),(0,19,57),
(0,17,63),(0,13,37),(0,28,82),(0,39,108),(0,22,67),(0,16,51),
}
{
(0,10,43),(0,26,80),(0,37,94),(0,38,96),(0,18,53),(0,21,60),
(0,17,52),(0,16,51),(0,39,102),(0,41,103),(0,15,52),(0,22,67),
(0,22,71),(0,19,58),(0,36,96),(0,37,103),(0,20,62),(0,13,45),
(0,19,66),(0,13,45),(0,28,81),(0,33,92),(0,15,49),(0,13,53),
}
{
(2,11,36),(0,23,74),(0,36,94),(0,37,99),(0,15,51),(0,22,65),
(0,26,73),(0,19,60),(0,35,92),(0,42,117),(1,10,35),(0,31,87),
(0,16,49),(0,19,52),(0,32,85),(0,44,116),(0,18,54),(0,18,54),
(0,21,60),(0,12,41),(0,29,81),(0,29,83),(0,14,47),(0,16,45),
}
{
(0,13,42),(0,29,85),(0,36,88),(0,48,117),(0,18,51),(0,20,61),
(0,30,80),(0,25,70),(0,40,100),(0,39,104),(13,24,50),(0,35,93),
(8,26,57),(0,20,57),(0,30,80),(0,34,90),(0,23,63),(0,19,59),
(0,24,73),(0,13,44),(0,30,75),(0,32,92),(0,19,62),(0,15,50),
}
{
(0,19,55),(0,32,94),(0,39,102),(0,46,116),(0,23,62),(0,42,110),
(0,31,86),(0,31,85),(0,33,83),(0,36,94),(0,19,52),(0,34,94),
(0,24,71),(0,21,63),(0,29,84),(0,41,114),(0,14,42),(0,26,78),
(0,17,56),(1,7,23),(0,24,70),(0,29,81),(1,10,35),(0,13,46),
}
{
(0,15,43),(0,28,74),(0,35,92),(0,44,122),(0,15,46),(0,27,76),
(0,24,72),(0,22,62),(0,37,102),(0,30,79),(3,17,47),(0,29,80),
(0,13,45),(0,27,75),(0,31,79),(0,41,109),(7,17,43),(0,26,78),
(0,21,69),(7,22,56),(0,24,72),(0,31,85),(4,18,52),(0,15,52),
}
{
(6,24,52),(0,30,84),(0,35,93),(0,45,114),(0,21,63),(0,27,76),
(0,26,71),(0,29,76),(0,37,102),(0,37,101),(0,12,32),(0,23,69),
(0,13,45),(0,18,53),(0,33,90),(0,44,115),(0,17,52),(0,18,54),
(0,17,59),(0,19,54),(0,34,94),(0,32,81),(0,13,45),(5,16,37),
}
{
(0,15,41),(0,24,64),(0,37,99),(0,41,108),(0,18,54),(0,28,70),
(0,23,68),(0,34,89),(0,34,86),(0,31,89),(0,22,62),(0,27,69),
(0,45,113),(0,14,47),(0,40,96),(0,34,93),(0,21,69),(0,18,54),
(0,18,55),(0,18,51),(0,30,75),(0,24,62),(3,11,31),(1,15,47),
}
{
(0,13,44),(0,26,71),(0,32,88),(0,42,117),(0,18,55),(0,22,65),
(0,37,97),(0,28,84),(0,32,86),(0,31,86),(0,19,62),(0,32,89),
(0,33,88),(0,24,66),(0,28,78),(0,33,90),(0,25,76),(0,19,52),
(8,18,45),(0,21,58),(0,24,67),(0,28,74),(6,17,39),(0,17,50),
}
{
(14,21,38),(0,22,55),(0,31,83),(0,39,104),(0,25,69),(0,19,62),
(0,25,77),(0,26,65),(0,31,85),(0,47,123),(0,17,49),(0,26,73),
(0,16,51),(0,22,61),(0,31,85),(0,37,98),(0,30,88),(0,23,64),
(9,27,58),(5,18,41),(0,32,81),(0,24,61),(3,12,31),(0,10,31),
}
{
(17,26,46),(0,28,74),(0,41,99),(0,43,109),(0,20,61),(0,22,60),
(0,41,107),(0,31,81),(0,32,84),(0,50,132),(0,20,49),(0,38,101),
(0,14,47),(0,24,68),(0,33,87),(0,36,95),(0,19,57),(0,18,56),
(0,20,58),(0,15,45),(0,27,72),(0,24,62),(1,9,28),(4,8,22),
}
{
(0,15,48),(0,23,61),(0,40,102),(0,40,106),(0,27,79),(0,21,53),
(0,33,87),(0,33,91),(0,37,99),(0,36,100),(0,19,54),(0,29,87),
(0,19,61),(0,21,63),(0,27,76),(0,35,93),(0,30,82),(0,30,90),
(4,14,33),(0,22,62),(0,31,82),(0,34,86),(1,9,27),(9,14,26),
}
{
(0,27,78),(0,31,79),(0,39,99),(0,41,108),(0,22,66),(0,24,65),
(0,34,99),(0,27,78),(0,39,108),(0,39,108),(0,17,50),(0,34,95),
(0,18,56),(0,19,59),(0,28,78),(0,31,87),(0,29,85),(0,22,64),
(5,11,28),(1,12,33),(0,25,73),(0,27,72),(1,8,23),(4,9,23),
}
{
(0,31,90),(0,15,40),(0,41,109),(0,38,101),(0,19,52),(0,27,74),
(0,34,98),(0,24,68),(0,38,105),(0,39,108),(0,13,39),(0,28,85),
(0,12,39),(0,18,56),(0,25,72),(0,30,80),(0,22,68),(0,12,44),
(4,8,20),(0,10,31),(0,25,63),(0,32,81),(1,6,20),(10,14,27),
}
{
(0,27,74),(0,24,66),(0,39,104),(0,37,93),(0,25,70),(0,24,63),
(0,31,89),(0,29,83),(0,31,79),(0,39,107),(0,13,39),(0,27,83),
(0,9,38),(0,27,75),(0,29,83),(0,29,74),(0,19,58),(0,13,46),
(4,11,24),(0,14,42),(0,40,101),(0,26,73),(11,19,34),(3,7,17),
}
{
(0,23,71),(0,18,52),(0,47,118),(0,40,100),(0,23,63),(0,19,59),
(0,39,113),(0,36,95),(0,40,100),(0,39,102),(0,29,88),(0,24,70),
(0,16,47),(0,24,66),(0,36,99),(0,31,83),(0,23,67),(0,11,40),
(5,11,23),(0,24,61),(0,34,89),(0,35,92),(2,10,31),(0,16,44),
}
{
(0,27,69),(0,25,69),(0,51,123),(0,40,106),(0,18,53),(0,28,80),
(0,41,114),(0,39,103),(0,31,82),(0,37,102),(0,29,78),(0,27,76),
(0,13,42),(0,17,47),(0,36,108),(0,32,86),(0,17,53),(0,13,41),
(1,5,18),(0,20,56),(0,30,80),(0,29,77),(0,15,45),(4,9,23),
}
{
(0,19,50),(0,22,62),(0,44,112),(0,42,106),(0,15,45),(0,31,87),
(0,42,105),(0,35,88),(0,30,84),(0,41,103),(0,25,69),(0,22,66),
(1,11,30),(0,15,47),(0,31,89),(0,24,70),(0,14,43),(7,16,41),
(21,31,51),(0,15,42),(0,34,95),(0,31,78),(0,14,41),(1,8,20),
}
{
(0,23,68),(0,17,51),(0,42,110),(0,42,110),(0,15,43),(0,37,108),
(0,29,88),(0,23,66),(0,33,87),(0,42,110),(0,22,59),(0,31,90),
(1,8,24),(0,18,48),(0,27,72),(0,26,71),(0,13,41),(4,12,30),
(1,9,27),(0,28,74),(0,36,92),(0,40,102),(0,16,52),(9,17,35),
}
{
(0,28,80),(0,21,59),(0,50,126),(0,45,119),(0,14,41),(0,37,103),
(0,30,86),(0,20,62),(0,37,98),(0,39,103),(0,23,67),(0,29,77),
(3,9,25),(0,11,36),(0,30,82),(0,34,89),(0,12,37),(4,11,26),
(0,12,40),(0,25,74),(0,38,95),(0,37,97),(0,22,67),(7,14,29),
}
{
(0,25,74),(0,18,54),(0,43,119),(0,46,121),(0,12,41),(0,34,99),
(0,25,70),(0,25,74),(0,39,102),(0,33,96),(0,34,89),(0,31,85),
(3,7,22),(1,10,26),(0,26,76),(0,27,76),(5,17,41),(3,9,28),
(0,24,63),(0,14,47),(0,37,102),(0,37,102),(0,14,42),(7,14,29),
}
{
(0,27,69),(0,17,46),(0,51,134),(0,40,106),(5,17,39),(0,28,79),
(0,21,59),(0,24,67),(0,39,99),(0,37,102),(0,19,56),(0,22,58),
(2,5,15),(6,14,29),(0,26,72),(0,27,76),(1,10,28),(3,7,21),
(0,18,56),(0,15,50),(0,32,82),(0,32,86),(0,30,83),(0,17,49),
}
{
(0,26,76),(0,21,64),(0,43,114),(0,42,111),(0,14,40),(0,32,82),
(0,17,51),(0,17,51),(0,37,93),(0,40,106),(0,24,71),(0,28,79),
(2,6,19),(1,9,26),(0,31,81),(0,24,71),(1,9,28),(2,6,15),
(0,45,104),(0,23,68),(0,31,82),(0,31,79),(0,22,68),(11,20,39),
}
{
(0,27,79),(0,19,52),(0,41,112),(0,42,110),(0,12,38),(0,39,91),
(0,42,110),(0,29,74),(0,36,94),(0,39,99),(0,27,73),(0,33,84),
(0,2,12),(0,10,28),(0,26,69),(0,26,69),(0,7,24),(2,10,23),
(0,38,95),(0,21,58),(0,32,88),(0,29,73),(0,22,68),(0,18,55),
}
{
(0,30,79),(0,26,78),(0,40,105),(0,45,125),(4,19,48),(0,27,75),
(0,38,101),(0,31,87),(0,37,97),(0,41,104),(0,26,79),(0,27,79),
(2,7,19),(4,16,39),(0,23,61),(0,25,69),(0,12,38),(7,15,33),
(0,21,65),(0,20,60),(0,41,103),(0,33,90),(0,20,60),(0,14,45),
}
{
(0,20,56),(0,19,52),(0,53,139),(0,42,111),(0,19,58),(0,29,76),
(0,18,52),(0,28,75),(0,38,111),(0,37,98),(0,21,65),(0,28,71),
(10,21,44),(0,12,36),(0,20,61),(0,24,66),(0,7,26),(6,13,28),
(0,16,52),(0,18,54),(0,38,96),(0,35,93),(0,20,60),(1,11,34),
}
{
(0,26,70),(0,16,49),(0,39,107),(0,55,144),(0,20,50),(0,27,78),
(0,23,65),(0,26,75),(0,32,89),(0,37,101),(0,16,48),(0,24,68),
(3,10,29),(0,19,51),(0,23,64),(0,24,65),(5,11,26),(10,15,26),
(0,24,65),(0,31,79),(0,34,91),(0,35,97),(0,14,47),(0,18,60),
}
{
(0,30,83),(0,20,55),(0,47,124),(0,45,114),(0,16,48),(0,26,78),
(0,26,70),(0,22,68),(0,29,80),(0,36,95),(0,20,55),(0,17,48),
(3,13,32),(0,17,49),(0,24,66),(0,31,82),(0,14,40),(12,23,47),
(0,20,60),(0,24,70),(0,32,89),(0,31,87),(0,21,65),(0,28,78),
}
{
(0,28,75),(0,19,63),(0,49,123),(0,47,123),(0,20,61),(0,35,102),
(2,20,49),(0,29,80),(0,36,91),(0,44,110),(0,34,85),(0,23,66),
(0,19,59),(1,9,26),(0,27,71),(0,26,70),(1,7,23),(11,22,44),
(0,38,109),(0,22,64),(0,33,92),(0,33,91),(0,18,62),(0,35,96),
}
{
(0,31,82),(0,16,49),(0,48,127),(0,43,119),(0,19,57),(0,31,86),
(0,12,37),(0,28,82),(0,28,78),(0,35,88),(0,24,72),(0,26,73),
(0,16,48),(8,16,32),(0,28,74),(0,31,85),(0,8,24),(7,18,41),
(0,26,77),(0,26,66),(0,41,109),(0,37,98),(0,25,77),(0,21,64),
}
{
(0,22,66),(0,34,89),(0,44,116),(0,42,112),(0,21,59),(0,26,75),
(9,21,46),(0,30,83),(0,36,99),(0,37,98),(0,20,56),(0,18,54),
(0,19,56),(1,15,45),(0,30,83),(0,33,90),(4,16,40),(1,16,44),
(0,47,125),(0,25,66),(0,39,102),(0,36,94),(0,43,114),(0,27,79),
}
{
(0,27,75),(0,25,63),(0,50,139),(0,47,119),(0,27,79),(0,31,86),
(2,20,45),(0,27,75),(0,35,97),(0,35,92),(0,22,66),(0,16,49),
(0,19,56),(0,17,49),(0,36,91),(0,30,80),(0,13,39),(0,20,57),
(0,31,82),(0,30,75),(0,39,102),(0,36,94),(0,29,77),(0,29,76),
}
{
(0,24,74),(0,27,73),(0,50,127),(0,46,120),(0,18,54),(0,26,76),
(0,10,37),(0,17,51),(0,29,80),(0,30,84),(0,25,73),(0,12,40),
(0,19,53),(0,19,50),(0,29,84),(0,24,69),(7,16,41),(0,14,45),
(0,36,108),(0,23,66),(0,36,96),(0,35,101),(0,29,87),(0,17,51),
}
{
(0,23,64),(0,27,74),(0,45,119),(0,47,124),(0,23,60),(0,19,54),
(2,10,29),(0,16,44),(0,30,82),(0,37,90),(0,21,64),(5,15,37),
(0,10,31),(0,11,30),(0,27,78),(0,29,76),(2,11,35),(0,14,45),
(0,29,80),(0,22,64),(0,31,79),(0,34,98),(0,22,66),(0,21,63),
}
{
(7,19,41),(0,26,72),(0,39,107),(0,50,126),(0,26,72),(0,25,70),
(3,11,31),(0,13,44),(0,29,83),(0,30,83),(0,20,55),(1,17,45),
(3,15,39),(0,16,46),(0,32,89),(0,38,93),(8,17,37),(0,19,51),
(0,26,72),(0,18,54),(0,31,86),(0,34,98),(0,22,67),(0,19,69),
}
{
(0,26,76),(0,28,81),(0,41,109),(0,46,115),(0,20,62),(0,29,81),
(0,13,39),(0,15,42),(0,25,70),(0,38,95),(0,21,63),(0,16,44),
(0,26,72),(0,17,49),(0,32,85),(0,31,81),(0,15,45),(1,16,46),
(0,33,97),(0,35,92),(0,33,88),(0,46,121),(0,33,91),(0,23,58),
}
{
(0,29,88),(0,26,80),(0,42,117),(0,50,132),(0,25,72),(0,35,97),
(0,15,47),(0,10,34),(0,28,77),(0,30,82),(0,17,58),(0,14,50),
(0,36,95),(2,19,50),(0,37,101),(0,34,86),(0,9,34),(0,17,51),
(0,45,125),(0,44,122),(0,31,86),(0,41,114),(0,32,85),(0,29,80),
}
{
(0,20,52),(0,31,90),(0,40,102),(0,46,126),(0,19,50),(0,27,83),
(0,13,46),(8,23,45),(0,31,87),(0,44,106),(0,16,46),(0,15,52),
(0,30,79),(8,25,53),(0,32,86),(0,33,87),(8,19,43),(0,23,69),
(0,36,103),(0,24,65),(0,33,87),(0,35,93),(0,25,67),(0,21,63),
}
{
(0,13,42),(0,25,76),(0,41,114),(0,44,115),(0,18,53),(0,29,84),
(0,12,37),(5,17,41),(0,31,86),(0,43,109),(0,16,48),(0,20,61),
(0,31,90),(0,15,43),(0,25,69),(0,37,97),(0,23,63),(0,14,44),
(0,39,109),(0,27,71),(0,30,84),(0,32,88),(0,22,62),(0,22,68),
}
{
(0,23,70),(0,25,74),(0,41,107),(0,40,106),(0,19,57),(0,26,75),
(0,16,52),(0,13,41),(0,35,92),(0,31,87),(0,24,72),(0,22,65),
(0,17,52),(0,12,38),(0,36,100),(0,37,101),(10,19,38),(0,16,50),
(0,32,96),(0,13,45),(0,29,76),(0,32,85),(0,20,55),(0,25,76),
}
{
(0,21,63),(0,34,85),(0,36,94),(0,41,107),(0,20,61),(0,31,90),
(2,19,50),(0,16,51),(0,30,79),(0,32,88),(0,21,64),(0,17,59),
(0,25,73),(0,20,61),(0,32,88),(0,34,93),(8,22,56),(0,18,55),
(0,37,113),(0,22,61),(0,25,73),(0,33,88),(0,22,67),(0,15,53),
}
{
(0,12,40),(0,18,53),(0,41,107),(0,41,113),(0,25,69),(0,23,67),
(0,16,47),(0,14,43),(0,25,74),(0,36,99),(0,16,46),(0,17,52),
(0,19,54),(0,24,72),(0,28,79),(0,31,83),(0,15,55),(0,18,51),
(0,28,78),(0,29,81),(0,46,111),(0,38,100),(0,16,50),(0,17,57),
}
{
(4,22,52),(0,18,59),(0,33,88),(0,47,124),(0,24,70),(0,34,91),
(0,14,44),(0,24,63),(0,27,72),(0,35,100),(0,13,44),(0,13,39),
(0,19,59),(0,22,67),(0,38,100),(0,38,95),(0,17,56),(0,19,53),
(0,36,90),(0,18,54),(0,38,100),(0,41,107),(0,19,52),(0,32,86),
}
{
(0,27,69),(0,24,66),(0,37,97),(0,42,107),(0,26,71),(0,26,77),
(0,26,68),(0,23,63),(0,38,100),(0,38,104),(0,30,79),(0,23,62),
(0,19,52),(0,23,68),(0,32,86),(0,30,79),(0,22,64),(0,27,74),
(0,46,117),(0,27,72),(0,30,83),(0,30,80),(0,21,54),(0,35,84),
}
{
(0,25,70),(0,26,71),(0,40,106),(0,46,121),(0,27,82),(0,33,87),
(0,25,76),(0,11,37),(0,29,84),(0,41,103),(0,17,48),(0,17,53),
(0,27,79),(0,27,72),(0,33,87),(0,29,77),(0,25,73),(0,24,66),
(0,41,107),(0,32,85),(0,34,94),(0,27,79),(0,17,45),(0,27,76),
}
{
(0,16,53),(0,19,57),(0,39,102),(0,40,106),(0,26,69),(0,21,62),
(0,40,100),(3,13,37),(0,24,65),(0,31,83),(0,11,34),(0,21,64),
(0,15,47),(0,17,52),(0,41,103),(0,26,73),(0,21,61),(0,17,52),
(0,16,48),(0,19,55),(0,33,91),(0,34,99),(1,10,28),(0,22,63),
}
{
(0,18,56),(0,19,57),(0,47,118),(0,44,112),(0,25,73),(0,26,70),
(0,21,64),(0,18,52),(0,30,79),(0,30,82),(0,12,37),(0,20,67),
(0,29,78),(0,28,77),(0,30,76),(0,32,88),(0,22,70),(9,24,56),
(0,22,60),(0,26,77),(0,37,93),(0,35,96),(9,21,46),(0,19,53),
}
{
(0,23,73),(0,26,73),(0,46,121),(0,37,103),(0,27,79),(0,24,62),
(0,33,87),(0,18,55),(0,29,84),(0,33,87),(0,26,75),(0,22,62),
(0,25,69),(0,34,86),(0,47,118),(0,26,72),(0,20,61),(0,20,58),
(0,32,81),(0,26,75),(0,34,95),(0,36,95),(0,22,63),(0,19,58),
}
{
(0,19,55),(0,25,72),(0,44,115),(0,38,104),(0,26,73),(0,33,90),
(0,40,105),(0,17,51),(0,30,83),(0,31,87),(0,18,56),(0,27,76),
(0,37,102),(0,21,58),(0,40,100),(0,27,71),(0,19,58),(0,13,46),
(0,24,68),(0,34,89),(0,32,88),(0,42,117),(0,17,52),(0,26,72),
}
{
(0,18,54),(0,38,96),(0,43,113),(0,43,108),(0,25,67),(0,23,64),
(0,25,74),(0,14,42),(0,29,81),(0,28,79),(0,18,58),(0,22,63),
(0,19,59),(0,24,61),(0,37,97),(0,33,84),(0,15,45),(0,22,64),
(0,16,55),(0,16,44),(0,35,96),(0,31,86),(0,17,50),(0,20,59),
}
{
(0,17,53),(0,27,74),(0,44,110),(0,38,100),(0,23,61),(0,27,81),
(0,24,76),(0,23,65),(0,30,88),(0,26,73),(0,22,67),(0,25,74),
(0,22,64),(0,19,56),(0,39,103),(0,29,78),(0,15,44),(0,16,58),
(0,14,48),(0,14,44),(0,35,100),(0,44,120),(0,15,46),(0,18,55),
}
{
(0,23,70),(0,22,63),(0,42,111),(0,47,125),(0,20,53),(0,27,78),
(0,29,80),(0,21,55),(0,29,81),(0,35,93),(0,23,70),(0,26,71),
(0,23,69),(0,28,70),(0,40,100),(0,33,87),(0,15,49),(0,18,55),
(0,19,59),(0,17,52),(0,38,106),(0,31,82),(0,15,44),(0,21,70),
}
{
(0,20,61),(0,16,50),(0,39,107),(0,45,113),(0,17,50),(0,24,78),
(0,28,75),(0,20,58),(0,27,71),(0,30,83),(0,27,76),(0,33,90),
(0,24,73),(0,27,71),(0,35,89),(0,38,105),(0,16,47),(0,23,67),
(0,17,53),(0,21,64),(0,40,105),(0,32,89),(0,12,40),(0,23,70),
}
{
(0,19,57),(0,22,67),(0,41,107),(0,39,107),(0,15,42),(0,27,74),
(0,23,64),(0,13,34),(0,30,80),(0,31,82),(0,23,59),(0,29,80),
(0,15,48),(0,12,37),(0,43,113),(0,38,100),(0,12,39),(0,17,49),
(0,26,77),(0,15,43),(0,30,79),(0,32,86),(0,19,59),(0,15,47),
}
{
(0,21,61),(0,17,49),(0,38,101),(0,41,107),(0,18,55),(0,25,67),
(0,24,69),(0,23,63),(0,32,88),(0,32,86),(0,26,76),(0,22,72),
(0,15,47),(0,22,57),(0,36,91),(0,36,100),(0,18,48),(0,10,33),
(0,16,54),(0,21,60),(0,29,81),(0,31,82),(0,21,69),(0,11,41),
}
{
(0,23,68),(0,22,58),(0,44,112),(0,39,102),(0,17,51),(0,26,73),
(0,30,79),(0,26,77),(0,35,92),(0,28,81),(0,21,68),(0,27,75),
(0,19,57),(0,16,44),(0,38,101),(0,35,93),(0,13,41),(0,23,60),
(0,28,78),(0,14,47),(0,32,88),(0,30,86),(0,18,55),(0,19,66),
}
{
(0,21,63),(0,30,83),(0,36,95),(0,49,128),(0,24,66),(0,28,79),
(0,27,75),(0,20,59),(0,37,97),(0,36,99),(0,19,57),(0,22,67),
(0,35,93),(0,31,91),(0,37,94),(0,32,89),(0,14,43),(1,18,46),
(0,35,101),(0,29,85),(0,34,93),(0,42,105),(0,19,59),(0,15,54),
}
{
(0,16,46),(0,22,65),(0,37,99),(0,39,107),(0,18,57),(0,23,65),
(0,18,47),(0,20,58),(0,30,82),(0,31,87),(0,18,54),(0,22,57),
(0,25,75),(0,19,54),(0,39,107),(0,41,109),(0,12,38),(0,13,35),
(0,14,54),(0,19,57),(0,45,123),(0,30,83),(0,24,76),(0,16,49),
}
{
(0,15,49),(0,19,57),(0,35,92),(0,38,106),(0,18,47),(0,22,61),
(0,26,72),(0,25,75),(0,35,97),(0,31,83),(0,16,44),(0,20,62),
(0,24,76),(0,20,59),(0,35,97),(0,48,126),(0,20,57),(0,15,43),
(0,21,64),(0,14,42),(0,36,105),(0,38,95),(0,17,50),(5,14,34),
}
{
(0,26,76),(0,20,61),(0,37,93),(0,47,118),(0,25,63),(0,26,77),
(0,23,62),(0,24,71),(0,38,100),(0,34,86),(0,12,42),(0,24,68),
(0,27,79),(0,23,71),(0,36,95),(0,37,98),(0,26,65),(3,19,48),
(0,18,52),(4,16,39),(0,30,83),(0,33,92),(0,17,53),(0,23,62),
}
{
(0,19,56),(0,29,83),(0,36,96),(0,44,117),(0,22,65),(0,28,85),
(0,30,87),(0,31,86),(0,33,97),(0,33,87),(0,12,41),(0,30,75),
(0,38,105),(0,20,65),(0,34,94),(0,45,124),(0,17,49),(0,24,66),
(0,17,48),(4,15,38),(0,30,82),(0,37,98),(0,27,79),(0,21,65),
}
{
(0,20,64),(0,24,74),(0,39,102),(0,40,105),(0,18,54),(0,25,73),
(0,21,64),(0,20,62),(0,31,91),(0,35,93),(1,11,33),(0,16,50),
(0,24,73),(0,20,59),(0,35,100),(0,52,136),(0,17,47),(0,40,100),
(0,13,52),(0,20,61),(0,29,89),(0,38,106),(8,24,58),(0,21,65),
}
{
(0,14,43),(0,28,79),(0,35,97),(0,45,113),(0,23,63),(0,25,76),
(0,17,51),(0,36,90),(0,36,96),(0,31,87),(0,19,55),(0,14,46),
(0,26,79),(0,47,123),(0,37,101),(0,41,109),(0,21,64),(0,19,59),
(0,19,54),(0,23,66),(0,31,82),(0,37,103),(0,17,54),(3,15,47),
}
{
(0,27,75),(0,29,85),(0,42,110),(0,42,105),(0,26,72),(0,24,67),
(0,20,60),(0,31,78),(0,38,105),(0,36,95),(6,18,40),(0,20,61),
(0,29,76),(0,30,88),(0,44,117),(0,41,109),(0,29,73),(0,18,52),
(0,19,57),(0,25,73),(0,27,78),(0,35,89),(0,14,46),(0,16,49),
}
{
(0,25,72),(0,26,71),(0,40,102),(0,39,107),(0,21,62),(0,20,67),
(0,25,66),(0,27,69),(0,38,96),(0,28,78),(1,12,33),(0,14,44),
(0,28,78),(0,35,93),(0,44,117),(0,38,104),(0,24,69),(0,18,56),
(0,21,64),(0,15,38),(0,29,78),(0,39,108),(0,23,68),(0,17,53),
}
{
(0,11,42),(0,26,80),(0,36,95),(0,38,100),(0,19,56),(0,18,56),
(0,18,53),(0,19,54),(0,38,101),(0,38,104),(0,18,50),(0,23,67),
(0,24,69),(0,18,55),(0,34,93),(0,35,102),(0,20,60),(0,15,43),
(0,21,62),(0,16,42),(0,31,81),(0,34,93),(0,14,49),(0,15,53),
}
{
(2,11,35),(0,26,77),(0,35,92),(0,37,97),(0,18,46),(0,21,62),
(0,23,69),(0,20,59),(0,32,84),(0,42,115),(2,13,37),(0,32,88),
(0,12,45),(0,20,56),(0,34,89),(0,43,119),(0,17,51),(0,17,55),
(0,19,59),(0,14,40),(0,31,79),(0,30,83),(0,13,44),(0,14,45),
}
{
(0,12,44),(0,28,82),(0,34,89),(0,48,121),(0,16,48),(0,19,59),
(0,30,87),(0,27,71),(0,37,98),(0,42,111),(5,21,53),(0,34,95),
(0,18,59),(0,19,58),(0,29,80),(0,35,92),(0,19,61),(0,22,58),
(0,23,69),(0,12,37),(0,28,77),(0,33,90),(0,19,59),(0,16,48),
}
{
(0,18,56),(0,34,91),(0,39,104),(0,45,118),(0,23,64),(0,39,107),
(0,32,88),(0,34,85),(0,32,86),(0,33,91),(0,18,54),(0,37,93),
(0,21,69),(0,23,63),(0,31,83),(0,40,110),(0,13,39),(0,30,77),
(0,21,60),(2,10,25),(0,25,70),(0,30,83),(0,11,37),(0,15,45),
}
{
(0,13,43),(0,26,71),(0,34,93),(0,47,123),(0,15,47),(0,23,75),
(0,23,67),(0,23,63),(0,41,103),(0,27,76),(12,23,49),(0,31,81),
(0,15,46),(0,26,77),(0,28,79),(0,38,106),(8,17,43),(0,26,78),
(0,21,70),(7,22,56),(0,24,69),(0,31,86),(4,16,48),(0,17,54),
}
{
(0,21,58),(0,31,83),(0,36,94),(0,42,111),(0,22,63),(0,27,79),
(0,24,71),(0,27,76),(0,39,103),(0,37,102),(0,11,34),(0,24,69),
(0,12,45),(0,19,57),(0,34,89),(0,45,114),(0,14,47),(0,19,54),
(0,18,59),(0,18,55),(0,34,94),(0,31,83),(0,11,41),(0,11,42),
}
{
(3,14,36),(0,22,64),(0,38,96),(0,41,107),(0,19,53),(0,24,68),
(0,26,71),(0,36,90),(0,32,84),(0,31,89),(0,23,64),(0,23,67),
(0,41,109),(0,14,50),(0,40,98),(0,36,94),(0,21,63),(0,17,51),
(0,17,57),(0,17,50),(0,26,72),(0,24,65),(2,10,30),(2,16,48),
}
{
(3,14,38),(0,27,72),(0,33,88),(0,43,114),(0,19,53),(0,22,68),
(0,41,100),(0,28,79),(0,32,85),(0,32,88),(0,18,60),(0,31,86),
(0,32,88),(0,21,63),(0,30,79),(0,35,93),(0,25,76),(0,18,54),
(0,14,48),(0,22,61),(0,24,66),(0,25,74),(9,18,38),(0,16,49),
}
{
(16,22,40),(0,20,58),(0,32,84),(0,40,105),(0,24,69),(0,20,62),
(0,27,76),(0,22,67),(0,31,87),(0,46,122),(0,15,45),(0,27,75),
(0,16,49),(0,23,61),(0,30,84),(0,35,97),(0,33,87),(0,22,63),
(9,27,58),(5,18,41),(0,31,83),(0,23,65),(1,11,30),(2,9,29),
}
{
(15,26,49),(0,26,71),(0,38,97),(0,40,111),(0,18,56),(0,22,61),
(0,39,103),(0,27,81),(0,34,85),(0,49,130),(0,18,50),(0,39,102),
(0,16,46),(0,23,67),(0,32,89),(0,36,96),(0,19,55),(0,21,58),
(0,20,55),(0,13,43),(0,28,72),(0,23,64),(2,11,29),(3,9,22),
}
{
(0,17,52),(0,23,59),(0,38,101),(0,39,103),(0,26,79),(0,22,53),
(0,33,88),(0,33,91),(0,38,96),(0,37,97),(0,20,57),(0,31,86),
(0,22,63),(0,20,61),(0,27,76),(0,34,90),(0,29,84),(0,32,89),
(2,13,36),(0,22,61),(0,30,82),(0,33,84),(1,9,26),(8,12,23),
}
{
(0,26,83),(0,28,74),(0,38,104),(0,39,107),(0,23,68),(0,22,68),
(0,34,95),(0,29,80),(0,39,107),(0,35,105),(0,17,52),(0,33,90),
(0,18,53),(0,19,58),(0,29,77),(0,33,91),(0,30,87),(0,20,60),
(4,12,27),(2,12,31),(0,25,74),(0,27,72),(1,7,24),(3,8,21),
}
{
(0,32,89),(0,14,43),(0,41,108),(0,35,98),(0,17,53),(0,28,75),
(0,34,93),(0,24,70),(0,38,101),(0,39,109),(0,14,42),(0,29,84),
(1,11,34),(0,21,60),(0,25,74),(0,29,80),(0,23,69),(0,12,40),
(2,6,17),(2,11,31),(0,21,64),(0,29,81),(1,5,17),(8,13,29),
}
{
(0,26,76),(0,22,62),(0,37,106),(0,38,95),(0,24,66),(0,21,64),
(0,29,87),(0,29,81),(0,28,79),(0,38,105),(0,12,40),(0,31,83),
(1,11,35),(0,27,79),(0,29,87),(0,28,78),(0,19,57),(0,13,45),
(4,11,27),(0,14,45),(0,39,99),(0,26,73),(11,18,35),(3,6,17),
}
{
(0,24,71),(0,18,52),(0,46,121),(0,37,103),(0,21,60),(0,18,58),
(0,40,111),(0,31,91),(0,40,101),(0,39,102),(0,31,86),(0,23,69),
(0,14,44),(0,24,67),(0,35,97),(0,31,83),(0,21,65),(0,12,41),
(6,10,24),(0,22,61),(0,35,92),(0,33,91),(0,10,31),(0,15,44),
}
{
(0,24,65),(0,25,69),(0,49,124),(0,44,106),(0,19,52),(0,26,80),
(0,39,112),(0,39,104),(0,31,82),(0,39,102),(0,27,74),(0,29,73),
(0,12,38),(0,16,49),(0,38,106),(0,34,90),(0,18,56),(0,12,43),
(2,4,15),(0,19,57),(0,31,81),(0,29,77),(2,17,47),(4,10,23),
}
{
(0,18,54),(0,21,62),(0,43,113),(0,39,103),(0,17,46),(0,31,85),
(0,38,110),(0,35,93),(0,29,81),(0,40,110),(0,23,68),(0,22,66),
(0,10,31),(0,16,48),(0,32,89),(0,28,74),(0,14,45),(7,16,43),
(24,33,53),(0,13,43),(0,36,96),(0,29,81),(0,14,46),(3,8,23),
}
{
(0,24,64),(0,17,51),(0,42,111),(0,41,112),(0,15,43),(0,38,109),
(0,31,85),(0,23,67),(0,33,88),(0,38,111),(0,23,58),(0,30,91),
(1,7,29),(0,16,49),(0,26,77),(0,26,75),(0,13,41),(2,10,30),
(3,9,25),(0,27,76),(0,33,91),(0,41,103),(0,15,50),(11,17,35),
}
{
(0,30,80),(0,22,59),(0,47,125),(0,45,113),(0,13,38),(0,38,101),
(0,29,85),(0,24,65),(0,37,98),(0,40,101),(0,25,69),(0,28,79),
(4,9,26),(0,15,41),(0,29,80),(0,33,91),(0,12,38),(4,10,24),
(0,12,43),(0,23,69),(0,35,98),(0,36,94),(0,24,65),(5,12,26),
}
{
(0,27,76),(0,19,55),(0,46,116),(0,44,117),(0,15,40),(0,33,92),
(0,25,74),(0,26,73),(0,39,102),(0,35,96),(0,35,89),(0,31,86),
(2,6,20),(1,10,27),(0,27,75),(0,26,77),(0,16,44),(4,11,26),
(0,23,64),(0,14,45),(0,38,101),(0,40,100),(0,12,41),(9,13,28),
}
{
(0,26,71),(0,15,45),(0,50,132),(0,39,109),(4,17,40),(0,26,75),
(0,22,61),(0,25,70),(0,40,100),(0,39,103),(0,21,53),(0,21,58),
(3,6,16),(5,13,29),(0,25,70),(0,29,78),(2,11,28),(4,9,22),
(0,22,59),(0,17,51),(0,32,82),(0,33,88),(0,28,81),(0,15,49),
}
{
(0,26,76),(0,23,68),(0,46,117),(0,42,111),(0,13,41),(0,28,82),
(0,18,54),(0,19,58),(0,37,98),(0,39,104),(0,26,69),(0,27,75),
(3,6,17),(1,9,24),(0,28,81),(0,27,71),(2,9,29),(2,5,16),
(0,40,110),(0,24,66),(0,31,82),(0,29,80),(0,24,70),(10,18,39),
}
{
(0,28,79),(0,21,57),(0,44,110),(0,44,112),(0,13,39),(0,34,91),
(0,44,110),(0,29,78),(0,38,95),(0,37,98),(0,24,77),(0,26,83),
(0,3,12),(2,10,29),(0,23,67),(0,24,69),(1,8,24),(3,11,24),
(0,34,91),(0,21,60),(0,33,90),(0,27,71),(0,22,64),(0,17,56),
}
{
(0,31,79),(0,26,79),(0,40,105),(0,48,127),(0,16,52),(0,27,76),
(0,36,99),(0,31,85),(0,36,94),(0,39,107),(0,27,81),(0,25,74),
(3,6,21),(0,13,42),(0,23,64),(0,24,70),(0,13,38),(8,16,32),
(0,23,67),(0,22,61),(0,41,107),(0,35,92),(0,19,59),(0,14,47),
}
{
(0,21,53),(0,18,50),(0,52,132),(0,41,112),(0,17,53),(0,25,74),
(0,17,50),(0,26,73),(0,41,112),(0,34,98),(0,24,68),(0,26,68),
(10,20,45),(0,12,34),(0,22,61),(0,24,66),(0,8,24),(8,14,29),
(0,16,50),(0,19,56),(0,37,94),(0,35,93),(0,19,59),(2,11,34),
}
{
(0,25,67),(0,15,45),(0,38,106),(0,57,143),(0,19,52),(0,29,77),
(0,23,65),(0,27,74),(0,34,87),(0,35,98),(0,18,49),(0,25,70),
(2,11,29),(0,17,49),(0,24,65),(0,24,68),(5,12,28),(13,17,28),
(0,23,63),(0,29,77),(0,35,93),(0,37,98),(0,16,47),(0,16,60),
}
{
(0,32,85),(0,18,53),(0,47,124),(0,44,115),(0,16,46),(0,27,76),
(0,27,71),(0,23,68),(0,30,79),(0,35,98),(0,21,57),(0,17,49),
(3,11,35),(0,16,47),(0,24,66),(0,30,82),(0,15,41),(12,24,49),
(0,22,65),(0,26,71),(0,33,90),(0,32,82),(0,21,65),(0,26,77),
}
{
(0,29,78),(0,20,62),(0,48,121),(0,45,124),(0,21,62),(0,37,99),
(0,18,51),(0,29,80),(0,33,90),(0,42,112),(0,34,85),(0,23,66),
(0,20,59),(2,9,24),(0,28,70),(0,27,71),(0,8,25),(10,22,46),
(0,41,109),(0,21,62),(0,34,94),(0,36,90),(0,22,63),(0,36,99),
}
{
(0,29,87),(0,16,46),(0,46,126),(0,43,118),(0,20,56),(0,30,83),
(2,13,35),(0,28,84),(0,28,75),(0,33,92),(0,23,71),(0,27,75),
(0,16,51),(6,16,30),(0,24,71),(0,31,82),(0,8,22),(7,19,41),
(0,27,72),(0,25,64),(0,40,105),(0,38,95),(0,26,77),(0,23,64),
}
{
(0,22,64),(0,31,85),(0,45,119),(0,44,112),(0,19,58),(0,26,76),
(9,21,45),(0,32,85),(0,37,101),(0,34,98),(0,20,58),(0,19,51),
(0,19,57),(8,20,44),(0,28,80),(0,34,89),(4,16,40),(0,14,45),
(0,49,128),(0,22,68),(0,37,103),(0,34,91),(0,42,115),(0,25,77),
}
{
(0,28,79),(0,23,63),(0,52,137),(0,46,116),(0,28,78),(0,30,82),
(9,22,43),(0,27,78),(0,35,102),(0,31,91),(0,22,65),(0,16,46),
(0,17,53),(0,15,45),(0,33,88),(0,30,83),(0,11,34),(0,19,57),
(0,28,79),(0,29,80),(0,38,101),(0,38,97),(0,29,76),(0,26,76),
}
{
(0,25,74),(0,25,74),(0,52,127),(0,46,120),(0,18,52),(0,25,76),
(0,11,38),(0,18,51),(0,27,81),(0,29,84),(0,25,74),(0,14,45),
(0,17,53),(0,19,52),(0,30,83),(0,27,68),(9,20,45),(0,15,45),
(0,38,110),(0,22,65),(0,36,96),(0,38,104),(0,26,84),(0,18,54),
}
{
(0,21,68),(0,29,74),(0,47,118),(0,46,122),(0,20,58),(0,22,55),
(1,10,30),(0,16,48),(0,31,85),(0,34,90),(0,22,66),(3,16,39),
(0,10,32),(0,10,32),(0,30,79),(0,28,74),(3,12,36),(0,15,49),
(0,26,80),(0,23,62),(0,31,78),(0,38,95),(0,22,65),(0,19,61),
}
{
(8,18,43),(0,25,77),(0,42,106),(0,48,127),(0,25,75),(0,22,67),
(2,11,31),(0,13,44),(0,29,84),(0,32,84),(0,20,55),(9,21,46),
(0,12,39),(0,16,46),(0,33,90),(0,37,91),(8,17,37),(0,15,50),
(0,26,75),(0,19,56),(0,30,83),(0,36,96),(0,25,69),(0,20,67),
}
{
(0,27,76),(0,29,83),(0,41,107),(0,45,119),(0,22,64),(0,28,79),
(0,12,40),(0,16,43),(0,24,68),(0,37,99),(0,22,62),(0,15,45),
(0,26,69),(0,16,52),(0,31,85),(0,31,81),(0,16,48),(1,16,47),
(0,34,95),(0,36,90),(0,34,87),(0,47,125),(0,33,90),(0,18,57),
}
{
(0,32,84),(0,26,79),(0,45,118),(0,50,133),(0,20,67),(0,36,95),
(0,15,46),(0,11,35),(0,28,78),(0,30,82),(0,18,58),(0,16,50),
(0,35,92),(0,19,50),(0,37,99),(0,31,79),(0,8,33),(0,17,49),
(0,46,126),(0,46,120),(0,31,85),(0,44,115),(0,30,83),(0,28,78),
}
{
(0,20,51),(0,30,91),(0,42,105),(0,47,129),(0,16,47),(0,28,79),
(0,15,45),(1,16,48),(0,30,84),(0,40,105),(0,15,44),(0,17,51),
(0,28,78),(8,25,56),(0,31,87),(0,34,87),(7,18,42),(0,22,71),
(0,37,108),(0,25,62),(0,33,87),(0,36,96),(0,23,68),(0,19,59),
}
{
(0,14,42),(0,27,75),(0,44,115),(0,44,115),(0,16,52),(0,29,81),
(2,13,37),(0,13,40),(0,31,87),(0,43,108),(0,16,44),(0,20,62),
(0,35,92),(0,14,44),(0,26,73),(0,38,97),(0,22,60),(0,15,43),
(0,43,114),(0,26,69),(0,32,82),(0,31,87),(0,20,64),(0,22,67),
}
{
(0,24,67),(0,26,72),(0,42,106),(0,40,102),(0,19,56),(0,24,77),
(0,17,56),(0,14,39),(0,38,95),(0,34,85),(0,27,74),(0,28,70),
(0,16,50),(0,11,37),(0,38,101),(0,40,100),(5,16,38),(0,16,49),
(0,34,99),(0,17,46),(0,29,77),(0,32,77),(0,19,57),(0,28,80),
}
{
(0,21,61),(0,32,88),(0,34,94),(0,40,106),(0,19,57),(0,31,90),
(4,20,49),(0,15,50),(0,28,79),(0,32,88),(0,19,62),(0,16,59),
(0,24,72),(0,19,60),(0,34,86),(0,36,91),(0,16,61),(0,17,53),
(0,39,109),(0,21,65),(0,26,72),(0,32,85),(0,22,67),(0,17,55),
}
{
(0,12,43),(0,19,52),(0,43,109),(0,43,113),(0,24,70),(0,23,70),
(2,17,50),(0,14,45),(0,26,77),(0,34,99),(0,16,48),(0,17,52),
(0,19,54),(0,27,72),(0,29,81),(0,31,85),(0,16,54),(0,16,53),
(0,30,82),(0,29,80),(0,44,112),(0,37,101),(0,16,49),(0,19,58),
}
{
(0,19,58),(0,19,58),(0,33,92),(0,46,120),(0,26,66),(0,36,94),
(0,12,42),(0,22,63),(0,27,79),(0,33,99),(0,15,45),(0,12,41),
(0,26,70),(0,20,62),(0,37,101),(0,37,98),(0,19,58),(0,18,56),
(0,31,91),(0,18,59),(0,37,103),(0,39,107),(0,16,52),(0,29,80),
}
{
(0,25,67),(0,21,65),(0,38,95),(0,42,111),(0,26,73),(0,27,78),
(0,23,70),(0,21,60),(0,37,102),(0,38,104),(0,29,77),(0,20,59),
(0,20,55),(0,22,68),(0,31,87),(0,30,77),(0,20,61),(0,27,74),
(0,46,115),(0,25,73),(0,31,81),(0,31,82),(3,21,51),(0,33,84),
}
{
(0,24,69),(0,26,70),(0,41,104),(0,46,120),(0,29,83),(0,31,85),
(0,24,72),(0,14,37),(0,29,85),(0,40,100),(0,14,45),(0,18,51),
(0,30,79),(0,25,69),(0,33,90),(0,29,77),(0,23,70),(0,25,69),
(0,37,107),(0,27,83),(0,33,92),(0,28,77),(0,13,43),(0,26,73),
}
{
(0,19,52),(0,21,59),(0,41,104),(0,41,103),(0,24,68),(0,22,59),
(0,33,99),(0,13,39),(0,25,69),(0,30,82),(1,11,34),(0,20,64),
(0,16,49),(0,19,55),(0,37,102),(0,26,71),(0,21,62),(0,18,50),
(0,15,49),(0,19,53),(0,34,93),(0,35,98),(3,10,24),(0,22,61),
}
{
(0,19,59),(0,23,60),(0,46,121),(0,44,112),(0,25,73),(0,28,74),
(0,20,61),(0,17,53),(0,28,78),(0,30,84),(0,13,40),(0,19,58),
(0,29,81),(0,28,79),(0,28,78),(0,33,88),(0,23,70),(7,23,53),
(0,22,63),(0,30,79),(0,34,94),(0,32,94),(10,20,44),(0,15,53),
}
#====================================================================
