#====================================================================
# Create at 2022/10/20 11:22:49
#====================================================================
< "fps":20 >
< "frame":412 >
< "rows":4 >
< "columns":6 >
#====================================================================
{
(0,0,0),(0,0,0),(0,0,0),(0,0,0),(0,0,0),(0,0,0),
(0,0,0),(0,0,0),(0,0,0),(0,0,0),(0,0,0),(0,0,0),
(0,0,0),(0,0,0),(0,0,0),(0,0,0),(0,0,0),(0,0,0),
(0,0,0),(0,0,0),(0,0,0),(0,0,0),(0,0,0),(0,0,0),
}
{
(0,0,0),(0,0,0),(0,0,0),(0,0,0),(0,0,0),(0,0,0),
(0,0,0),(0,0,0),(0,0,0),(4,0,0),(0,0,0),(0,0,0),
(0,0,0),(0,0,0),(98,0,1),(77,0,0),(0,0,0),(0,0,0),
(0,0,0),(6,0,0),(53,0,0),(49,0,0),(3,0,0),(0,0,0),
}
{
(0,0,0),(0,0,0),(1,0,0),(1,0,0),(0,0,0),(0,0,0),
(0,0,0),(2,0,0),(56,0,0),(51,0,0),(2,0,0),(0,0,0),
(0,0,0),(59,0,4),(217,0,75),(218,0,69),(77,0,2),(0,0,0),
(42,0,0),(176,0,2),(227,0,11),(227,0,11),(157,0,0),(36,0,0),
}
{
(0,0,0),(0,0,0),(0,0,0),(0,0,0),(0,0,0),(0,0,0),
(0,0,0),(4,0,0),(52,0,0),(49,0,0),(5,0,0),(0,0,0),
(120,0,0),(168,0,8),(171,0,22),(156,0,23),(180,0,6),(100,0,0),
(38,0,0),(67,0,0),(8,0,0),(3,0,0),(76,0,0),(66,0,0),
}
{
(77,0,0),(36,0,0),(0,0,0),(0,0,0),(40,0,0),(69,0,0),
(30,0,0),(134,0,8),(136,0,11),(123,0,16),(145,0,7),(37,0,0),
(38,0,0),(60,0,1),(48,0,2),(54,0,4),(69,0,2),(59,0,0),
(0,0,0),(0,0,0),(0,0,0),(0,0,0),(0,0,0),(0,0,0),
}
{
(1,0,0),(72,0,0),(210,0,3),(201,0,3),(104,0,0),(6,0,0),
(9,0,0),(75,0,0),(211,0,31),(224,0,44),(108,0,0),(24,0,0),
(8,0,0),(18,0,0),(23,0,0),(25,0,0),(28,0,0),(11,0,0),
(0,0,0),(0,0,0),(0,0,0),(0,0,0),(0,0,0),(0,0,0),
}
{
(0,0,0),(13,0,0),(159,0,2),(166,0,0),(28,0,0),(1,0,0),
(1,0,0),(33,0,0),(170,0,19),(193,0,19),(57,0,0),(6,0,0),
(2,0,0),(8,0,0),(8,0,0),(8,0,0),(15,0,0),(2,0,0),
(0,0,0),(0,0,0),(0,0,0),(0,0,0),(0,0,0),(0,0,0),
}
{
(0,0,0),(4,0,0),(85,0,0),(106,0,0),(12,0,0),(0,0,0),
(0,0,0),(13,0,0),(128,0,12),(157,0,10),(30,0,0),(0,0,0),
(0,0,0),(2,0,0),(6,0,0),(8,0,0),(6,0,0),(1,0,0),
(0,0,0),(0,0,0),(0,0,0),(0,0,0),(0,0,0),(0,0,0),
}
{
(0,0,0),(1,0,0),(48,0,0),(80,0,0),(7,0,0),(0,0,0),
(0,0,0),(5,0,0),(93,0,7),(132,0,6),(14,0,0),(0,0,0),
(0,0,0),(2,0,0),(7,0,0),(9,0,0),(6,0,0),(0,0,0),
(0,0,0),(0,0,0),(0,0,0),(0,0,0),(0,0,0),(0,0,0),
}
{
(0,0,0),(1,0,0),(56,0,0),(70,0,0),(6,0,0),(0,0,0),
(0,0,0),(4,0,0),(91,0,6),(132,0,6),(13,0,0),(0,0,0),
(0,0,0),(3,0,0),(1,0,0),(1,0,0),(6,0,0),(0,0,0),
(0,0,0),(0,0,0),(0,0,0),(0,0,0),(0,0,0),(0,0,0),
}
{
(0,0,0),(0,0,0),(58,0,0),(69,0,0),(4,0,0),(0,0,0),
(0,0,0),(2,0,0),(86,0,4),(110,0,3),(6,0,0),(0,0,0),
(0,0,0),(0,0,0),(0,0,0),(0,0,0),(0,0,0),(0,0,0),
(0,0,0),(0,0,0),(0,0,0),(0,0,0),(0,0,0),(0,0,0),
}
{
(0,0,0),(0,0,0),(61,0,0),(65,0,0),(2,0,0),(0,0,0),
(0,0,0),(1,0,0),(69,0,1),(86,0,1),(3,0,0),(0,0,0),
(0,0,0),(0,0,0),(0,0,0),(0,0,0),(0,0,0),(0,0,0),
(0,0,0),(0,0,0),(0,0,0),(0,0,0),(0,0,0),(0,0,0),
}
{
(0,0,18),(0,0,16),(27,0,62),(33,0,72),(1,0,18),(0,0,27),
(0,0,14),(9,0,80),(99,0,171),(106,0,172),(8,0,73),(0,0,12),
(0,0,7),(1,0,53),(42,0,150),(37,0,132),(0,0,44),(0,0,6),
(0,0,8),(8,0,73),(3,0,13),(0,0,1),(6,0,55),(0,0,8),
}
{
(0,0,4),(0,0,24),(28,0,94),(36,0,103),(0,0,29),(0,0,6),
(48,0,161),(72,0,168),(100,0,215),(96,0,214),(73,0,169),(48,0,162),
(24,0,144),(90,0,227),(136,0,240),(128,0,240),(99,0,230),(28,0,155),
(4,0,70),(24,0,144),(63,0,199),(72,0,207),(26,0,145),(1,0,61),
}
{
(0,0,13),(0,0,44),(17,0,95),(19,0,99),(0,0,46),(0,0,15),
(41,0,145),(60,0,166),(90,0,208),(86,0,207),(64,0,167),(43,0,153),
(14,0,127),(72,0,217),(157,0,243),(162,0,243),(81,0,222),(15,0,134),
(11,0,112),(49,0,187),(95,0,230),(104,0,233),(49,0,184),(16,0,124),
}
{
(0,0,9),(0,0,36),(23,0,94),(26,0,99),(0,0,37),(0,0,10),
(34,0,138),(64,0,154),(88,0,196),(81,0,196),(63,0,153),(38,0,145),
(21,0,143),(90,0,226),(144,0,241),(152,0,241),(100,0,233),(19,0,148),
(10,0,108),(44,0,179),(88,0,222),(94,0,226),(45,0,181),(16,0,124),
}
{
(0,0,14),(0,0,48),(21,0,92),(24,0,98),(0,0,47),(0,0,17),
(43,0,153),(69,0,180),(81,0,213),(76,0,209),(72,0,180),(48,0,161),
(10,0,107),(55,0,195),(136,0,240),(149,0,243),(60,0,201),(9,0,111),
(2,0,58),(16,0,126),(46,0,187),(57,0,193),(18,0,124),(3,0,69),
}
{
(0,0,9),(0,0,36),(24,0,90),(27,0,96),(0,0,35),(0,0,12),
(43,0,154),(74,0,178),(80,0,210),(76,0,209),(71,0,178),(50,0,161),
(12,0,107),(58,0,195),(131,0,239),(144,0,241),(60,0,200),(9,0,111),
(2,0,58),(16,0,124),(49,0,187),(57,0,193),(18,0,124),(3,0,68),
}
{
(0,0,9),(0,0,28),(19,0,73),(22,0,80),(0,0,29),(0,0,12),
(37,0,141),(69,0,166),(90,0,200),(86,0,200),(65,0,164),(39,0,149),
(21,0,143),(89,0,224),(144,0,240),(152,0,241),(96,0,232),(19,0,146),
(3,0,64),(22,0,135),(49,0,187),(58,0,194),(22,0,132),(5,0,78),
}
{
(0,0,0),(0,0,1),(0,0,0),(0,0,0),(0,0,0),(0,0,0),
(0,0,1),(0,0,0),(0,0,0),(0,0,0),(0,0,1),(0,0,1),
(0,0,0),(0,0,0),(0,0,0),(0,0,0),(0,0,0),(0,0,0),
(0,0,0),(0,0,0),(0,0,0),(0,0,0),(0,0,0),(0,0,0),
}
{
(18,29,14),(33,117,0),(25,82,0),(9,28,3),(1,7,0),(2,5,2),
(3,9,1),(61,80,49),(46,122,0),(28,131,0),(22,31,19),(0,2,0),
(0,5,0),(44,54,40),(61,78,53),(94,108,94),(76,82,81),(4,8,2),
(2,5,2),(49,56,50),(41,49,39),(16,26,13),(76,82,80),(19,24,22),
}
{
(13,17,22),(94,98,126),(19,0,105),(68,0,196),(5,0,62),(0,0,7),
(44,49,61),(110,112,161),(53,0,159),(54,0,163),(6,0,55),(0,1,10),
(73,79,99),(99,102,148),(28,0,124),(16,0,89),(16,16,33),(0,0,1),
(26,31,37),(74,74,89),(46,45,61),(6,5,17),(0,0,1),(0,0,0),
}
{
(37,46,41),(148,152,160),(146,151,166),(0,66,114),(0,79,137),(0,85,150),
(55,63,65),(145,150,166),(49,86,180),(0,112,199),(0,93,175),(0,46,77),
(76,84,97),(119,125,145),(33,57,89),(0,53,114),(59,79,100),(34,46,51),
(20,27,26),(48,55,59),(31,39,44),(14,24,28),(66,73,80),(16,24,27),
}
{
(10,15,14),(101,105,112),(78,81,88),(29,44,31),(20,32,22),(31,36,37),
(37,43,46),(116,122,136),(65,68,75),(34,50,37),(45,50,51),(5,10,9),
(73,80,94),(110,117,136),(74,77,82),(34,40,38),(16,20,19),(0,0,0),
(27,33,35),(71,75,83),(44,47,48),(1,3,2),(0,0,0),(0,0,0),
}
{
(38,18,68),(93,0,187),(187,0,244),(91,0,157),(33,2,77),(61,61,72),
(35,23,51),(77,0,160),(141,0,218),(149,0,208),(53,0,128),(27,23,35),
(26,19,37),(57,19,112),(71,0,138),(79,0,153),(51,28,85),(16,14,22),
(9,6,14),(60,51,75),(49,31,69),(21,5,41),(66,59,77),(15,13,19),
}
{
(60,77,0),(92,136,0),(141,147,142),(56,63,53),(50,57,51),(63,68,68),
(12,25,0),(70,101,0),(117,185,0),(63,98,57),(121,133,130),(41,46,45),
(1,6,0),(13,26,1),(40,58,20),(22,38,17),(33,43,34),(32,37,35),
(0,0,0),(0,2,0),(1,6,0),(0,4,0),(0,3,0),(0,0,0),
}
{
(39,31,69),(46,0,200),(51,0,194),(64,60,80),(53,55,61),(59,63,69),
(58,57,81),(22,0,189),(69,0,221),(42,38,63),(101,100,114),(29,32,35),
(73,78,104),(101,102,150),(22,3,85),(31,30,41),(28,30,36),(28,30,32),
(17,21,27),(29,33,42),(18,19,25),(1,1,3),(0,0,0),(0,0,0),
}
{
(15,31,8),(31,134,0),(46,173,61),(0,168,14),(5,87,14),(64,79,66),
(2,11,0),(22,62,14),(0,191,28),(0,174,2),(113,133,124),(39,49,43),
(0,2,0),(4,22,3),(0,84,5),(0,80,0),(30,54,34),(33,40,36),
(0,0,0),(0,3,0),(0,16,0),(0,16,0),(0,8,0),(0,1,0),
}
{
(0,1,0),(6,20,28),(0,46,156),(0,59,123),(0,25,13),(4,37,7),
(0,0,0),(1,10,12),(0,43,97),(0,99,165),(0,100,18),(1,47,0),
(0,0,0),(0,17,2),(0,98,37),(0,126,54),(0,126,6),(0,43,0),
(0,54,3),(0,81,5),(0,58,2),(2,34,5),(4,21,4),(3,6,3),
}
{
(6,12,8),(0,74,13),(0,89,25),(0,64,56),(0,79,108),(0,81,117),
(2,17,3),(0,106,26),(0,176,117),(0,156,188),(0,92,107),(0,22,32),
(0,17,0),(0,159,10),(0,205,51),(0,114,66),(0,64,20),(0,5,1),
(0,80,5),(0,81,1),(0,103,8),(0,104,13),(0,30,2),(0,1,0),
}
{
(0,0,0),(0,0,0),(0,0,0),(2,0,0),(2,30,0),(0,0,0),
(0,0,0),(0,0,0),(0,0,0),(3,6,0),(2,61,0),(0,0,0),
(0,0,0),(0,0,0),(4,15,3),(2,7,2),(16,38,18),(0,0,0),
(0,0,0),(0,0,0),(8,18,8),(0,30,4),(0,3,0),(0,0,0),
}
{
(0,0,8),(30,0,83),(165,0,225),(53,0,118),(0,0,14),(0,0,0),
(0,0,2),(9,0,44),(115,0,183),(126,0,189),(2,0,22),(0,0,0),
(0,0,1),(0,0,12),(25,0,74),(41,0,104),(0,0,10),(0,0,0),
(0,0,0),(0,0,1),(4,4,12),(0,0,9),(0,0,0),(0,0,0),
}
{
(32,72,0),(30,88,0),(6,55,0),(0,10,0),(0,1,0),(0,0,0),
(1,107,0),(35,165,0),(63,180,0),(0,33,0),(0,5,0),(0,0,0),
(0,29,0),(3,108,0),(3,206,0),(0,73,0),(0,56,0),(0,13,1),
(3,23,3),(0,46,0),(3,62,0),(0,20,0),(3,25,2),(0,0,0),
}
{
(0,32,89),(0,32,128),(0,27,87),(2,10,21),(0,0,0),(0,0,0),
(2,17,17),(0,56,91),(0,45,197),(0,15,105),(0,0,2),(0,0,0),
(2,10,2),(0,93,12),(0,63,63),(0,10,48),(0,0,1),(0,0,0),
(0,2,0),(0,62,2),(0,20,3),(0,0,2),(0,0,0),(0,0,0),
}
{
(0,0,0),(0,99,0),(4,124,0),(11,31,10),(0,2,0),(0,0,0),
(0,0,0),(0,20,0),(1,22,0),(0,6,0),(0,1,0),(0,0,0),
(0,0,0),(0,2,0),(0,3,0),(4,24,4),(0,32,0),(0,0,0),
(0,0,0),(0,0,0),(5,7,5),(0,11,0),(1,12,1),(0,0,0),
}
{
(0,74,4),(0,8,0),(0,0,0),(0,4,0),(1,30,0),(3,91,0),
(16,31,16),(9,95,0),(1,15,0),(0,22,0),(7,156,0),(9,108,0),
(0,1,0),(0,36,0),(0,22,0),(1,21,0),(3,108,0),(0,29,0),
(0,0,0),(0,0,0),(0,0,0),(0,1,0),(0,4,0),(0,1,0),
}
{
(0,25,1),(0,72,2),(0,103,12),(0,104,3),(0,129,0),(3,67,0),
(0,41,0),(3,114,0),(1,99,0),(5,104,0),(10,213,0),(4,144,0),
(5,78,0),(3,118,0),(2,47,0),(2,55,0),(2,164,0),(11,143,0),
(0,5,0),(0,13,0),(0,7,0),(0,9,0),(0,26,0),(0,20,0),
}
{
(0,31,1),(0,98,0),(0,218,0),(3,226,0),(4,146,0),(0,69,3),
(0,88,2),(0,146,0),(0,225,0),(0,244,12),(5,164,0),(1,90,0),
(2,57,0),(5,166,0),(0,170,0),(3,185,0),(0,191,0),(1,109,0),
(7,42,7),(2,55,0),(5,105,0),(2,83,0),(4,97,0),(2,77,0),
}
{
(3,51,7),(0,62,1),(1,85,0),(1,98,0),(0,75,1),(0,62,3),
(0,35,1),(0,106,0),(2,165,0),(5,176,0),(2,134,0),(0,58,0),
(0,61,1),(0,150,0),(8,168,0),(9,186,0),(11,170,0),(0,90,4),
(2,43,0),(1,66,0),(0,104,0),(1,114,0),(6,100,0),(2,35,0),
}
{
(8,23,8),(6,33,7),(0,65,2),(0,60,0),(0,53,0),(5,28,6),
(4,25,4),(0,83,0),(8,120,0),(12,149,0),(3,110,0),(1,54,0),
(0,60,3),(0,148,2),(0,137,2),(2,160,0),(7,148,0),(2,64,0),
(11,34,12),(0,63,2),(0,85,0),(2,126,0),(0,92,0),(6,42,6),
}
{
(11,26,13),(0,52,2),(0,60,2),(0,56,3),(0,80,4),(5,52,9),
(4,21,5),(0,78,2),(0,114,3),(0,134,0),(1,100,0),(0,49,2),
(11,56,8),(0,151,0),(2,131,0),(0,136,2),(2,156,0),(3,63,0),
(0,54,0),(0,79,3),(0,82,5),(0,65,2),(6,77,0),(0,57,2),
}
{
(5,13,7),(31,54,50),(0,52,6),(0,66,5),(7,54,40),(20,49,28),
(4,38,6),(0,86,7),(0,101,50),(0,109,41),(0,100,15),(0,53,0),
(4,30,5),(0,124,2),(0,124,18),(0,115,7),(0,132,0),(0,64,3),
(1,22,1),(0,80,1),(1,42,0),(0,72,2),(0,73,1),(0,55,5),
}
{
(0,0,0),(0,31,79),(0,25,62),(0,10,41),(0,45,124),(0,0,0),
(0,0,0),(0,0,0),(0,22,88),(0,25,128),(0,0,10),(0,0,0),
(0,0,0),(0,0,0),(0,0,3),(0,0,7),(0,0,0),(0,0,0),
(0,0,0),(0,0,0),(0,0,0),(0,0,0),(0,0,0),(0,0,0),
}
{
(0,0,9),(2,0,126),(236,233,250),(248,246,253),(0,4,142),(0,2,17),
(0,0,8),(0,4,91),(0,7,238),(8,0,244),(0,7,105),(0,2,12),
(0,0,2),(0,3,44),(0,12,146),(0,10,156),(0,4,55),(0,0,5),
(0,0,0),(0,0,8),(1,4,35),(1,5,35),(0,0,9),(0,0,0),
}
{
(0,8,73),(0,13,119),(0,20,178),(0,14,176),(0,4,131),(0,7,61),
(0,9,69),(0,21,162),(0,27,234),(4,0,241),(0,18,180),(0,11,85),
(0,13,103),(0,26,195),(0,41,248),(86,105,250),(0,22,192),(0,6,100),
(0,8,56),(0,19,133),(0,34,171),(0,27,186),(0,19,148),(0,6,63),
}
{
(4,14,27),(0,16,72),(0,23,119),(0,22,114),(0,16,65),(13,33,37),
(6,19,35),(0,62,101),(0,34,205),(0,28,212),(0,121,112),(0,72,51),
(0,11,44),(0,45,123),(0,64,215),(0,51,219),(0,108,133),(0,37,45),
(3,9,37),(0,26,89),(0,39,139),(0,41,132),(0,37,90),(5,18,33),
}
{
(0,49,6),(0,76,34),(0,102,69),(0,139,101),(0,127,38),(0,86,14),
(0,64,19),(0,141,56),(0,175,185),(0,186,193),(0,202,63),(0,121,18),
(0,87,21),(0,145,65),(0,106,177),(0,97,183),(0,169,70),(0,164,24),
(7,35,30),(0,45,53),(0,51,91),(0,48,66),(0,51,37),(0,36,14),
}
{
(4,17,6),(0,54,20),(0,66,41),(0,76,48),(0,84,40),(0,64,13),
(4,26,9),(0,76,29),(0,131,115),(0,172,154),(0,118,53),(0,46,11),
(0,32,8),(0,146,43),(0,150,105),(0,157,166),(0,158,52),(0,63,19),
(5,34,9),(0,86,18),(0,94,36),(0,92,49),(0,82,25),(0,45,5),
}
{
(9,13,9),(3,10,3),(11,38,12),(5,38,5),(5,31,7),(0,7,0),
(2,7,2),(1,49,0),(0,62,0),(0,84,1),(0,92,0),(16,45,16),
(0,47,1),(0,100,0),(2,57,0),(3,112,0),(0,136,0),(0,47,0),
(14,32,14),(8,57,12),(0,51,0),(8,36,7),(0,67,1),(12,40,12),
}
{
(6,18,7),(13,28,12),(14,38,15),(4,25,5),(4,24,5),(7,19,7),
(0,2,0),(0,61,0),(0,50,0),(0,69,0),(0,94,0),(8,32,9),
(1,16,1),(1,113,0),(7,92,0),(2,80,0),(12,149,0),(4,49,4),
(0,11,0),(1,29,0),(0,64,3),(0,76,3),(5,65,0),(8,34,10),
}
{
(0,93,6),(0,161,26),(0,88,55),(0,96,75),(0,238,55),(0,239,43),
(0,181,21),(0,219,62),(144,0,189),(117,0,168),(0,230,65),(0,249,58),
(0,69,14),(76,109,106),(132,0,169),(133,0,171),(0,148,64),(0,117,23),
(1,1,8),(9,1,33),(41,0,67),(41,0,69),(16,19,36),(0,18,5),
}
{
(9,7,23),(27,0,71),(56,0,125),(18,0,120),(17,60,69),(9,30,23),
(14,17,29),(0,90,108),(92,0,198),(35,0,194),(0,155,100),(0,69,26),
(22,28,57),(38,150,159),(88,0,212),(28,0,217),(0,198,105),(0,116,46),
(0,61,32),(2,78,75),(4,0,136),(0,7,142),(0,184,70),(0,113,41),
}
{
(89,0,128),(145,0,182),(181,0,214),(153,0,200),(109,0,160),(68,0,117),
(99,0,122),(160,0,197),(205,0,233),(219,0,244),(169,0,226),(121,0,162),
(2,19,8),(0,143,30),(0,130,97),(0,147,100),(0,208,45),(0,80,12),
(0,59,0),(0,67,4),(0,93,17),(0,127,21),(0,128,10),(0,82,2),
}
{
(2,1,6),(22,0,66),(185,0,222),(203,0,239),(0,12,84),(1,17,11),
(1,9,5),(16,58,64),(142,0,213),(140,0,228),(0,139,55),(0,46,7),
(0,38,4),(0,152,25),(0,127,105),(0,149,114),(0,224,44),(0,96,11),
(0,56,0),(0,78,6),(0,95,23),(0,114,22),(0,127,12),(0,72,0),
}
{
(0,51,10),(0,152,35),(0,125,58),(0,110,62),(0,214,57),(0,140,11),
(0,112,16),(0,183,51),(120,0,206),(0,178,160),(0,225,56),(0,235,47),
(0,117,19),(0,127,93),(140,0,175),(138,0,180),(0,145,91),(0,152,43),
(2,1,9),(15,0,41),(51,0,82),(55,0,86),(17,11,47),(1,15,13),
}
{
(7,2,22),(36,0,84),(87,0,138),(70,0,137),(9,5,87),(10,20,31),
(18,0,53),(66,0,138),(182,0,223),(138,0,218),(0,106,142),(25,39,61),
(28,28,52),(0,86,168),(99,0,213),(115,0,217),(0,192,115),(0,81,59),
(21,37,57),(29,41,85),(89,0,158),(65,0,157),(0,102,123),(0,79,46),
}
{
(120,0,150),(187,0,220),(204,0,231),(180,0,217),(191,0,225),(160,0,193),
(1,4,10),(53,0,123),(188,0,226),(168,0,235),(0,142,120),(0,43,15),
(5,29,11),(0,171,34),(0,135,90),(0,143,107),(0,204,51),(0,84,8),
(0,43,2),(0,64,2),(0,70,14),(0,115,15),(0,145,12),(0,88,2),
}
{
(1,2,5),(15,0,59),(148,0,212),(168,0,225),(19,35,73),(1,19,10),
(0,4,5),(22,53,60),(148,0,212),(126,0,223),(0,133,55),(0,42,7),
(0,47,6),(0,157,28),(0,118,102),(0,150,112),(0,212,38),(0,97,6),
(0,59,1),(0,72,8),(0,77,21),(0,109,19),(0,126,10),(0,89,2),
}
{
(0,10,0),(3,73,0),(2,146,0),(0,157,5),(1,67,0),(0,9,0),
(1,7,1),(0,48,0),(0,175,8),(0,206,17),(0,122,4),(1,98,0),
(2,17,4),(0,14,0),(0,122,32),(0,43,5),(0,3,0),(0,0,0),
(0,2,0),(0,18,0),(0,9,0),(0,0,0),(0,0,0),(0,0,0),
}
{
(0,76,2),(0,96,4),(0,214,85),(0,218,101),(0,70,0),(0,50,2),
(0,138,27),(0,173,28),(0,240,104),(0,239,95),(0,182,33),(0,120,16),
(0,156,39),(0,182,33),(0,244,126),(0,220,84),(0,197,45),(0,117,15),
(1,37,0),(0,104,6),(0,136,29),(0,142,30),(0,48,0),(1,27,0),
}
{
(0,104,10),(0,125,20),(0,185,61),(0,213,110),(0,137,25),(0,102,20),
(0,143,38),(0,161,53),(0,244,134),(0,239,123),(0,180,51),(0,165,66),
(0,176,52),(0,218,94),(0,249,199),(0,244,146),(0,169,53),(0,113,26),
(0,138,23),(0,219,83),(0,193,70),(0,185,49),(0,183,45),(0,69,3),
}
{
(0,62,2),(0,98,9),(0,195,61),(0,223,122),(0,146,29),(0,96,24),
(0,123,22),(0,159,37),(0,241,124),(0,239,115),(0,177,47),(0,165,63),
(0,143,28),(0,183,48),(0,246,164),(0,225,112),(0,204,74),(0,174,49),
(1,62,0),(0,142,18),(0,182,66),(0,183,54),(0,84,4),(0,29,0),
}
{
(0,185,40),(0,230,88),(0,238,115),(0,211,56),(0,185,21),(0,144,14),
(0,189,40),(0,247,127),(0,250,200),(0,244,97),(0,219,25),(0,206,68),
(0,156,18),(0,233,81),(0,249,161),(0,239,83),(0,208,31),(0,181,9),
(0,82,2),(0,133,13),(0,177,38),(0,151,12),(1,78,0),(1,51,0),
}
{
(2,11,2),(7,33,9),(0,73,0),(2,72,0),(0,37,0),(9,31,9),
(0,47,0),(0,92,0),(0,150,0),(0,154,5),(0,132,0),(0,36,0),
(0,53,0),(2,170,0),(2,141,0),(2,137,0),(2,173,0),(2,81,0),
(0,64,2),(0,81,0),(0,51,0),(0,60,0),(0,83,0),(0,69,1),
}
{
(1,0,18),(7,9,33),(0,2,49),(5,0,62),(9,12,28),(5,8,20),
(0,4,10),(0,5,49),(19,0,133),(15,0,118),(17,23,70),(2,2,9),
(5,0,28),(12,0,59),(10,0,100),(13,0,115),(13,0,63),(5,0,25),
(5,0,20),(8,0,46),(5,0,32),(0,0,26),(8,0,37),(4,0,21),
}
{
(1,4,8),(15,31,27),(0,57,50),(3,45,49),(0,53,27),(15,36,22),
(5,21,13),(0,66,36),(0,42,91),(0,61,109),(0,83,35),(0,59,14),
(13,49,32),(0,157,44),(0,107,129),(0,105,135),(0,148,37),(0,55,13),
(0,75,17),(0,59,33),(14,63,36),(0,61,28),(0,81,41),(0,75,5),
}
{
(0,0,0),(0,0,0),(0,0,0),(0,0,0),(0,0,0),(0,0,0),
(0,0,0),(0,5,0),(0,0,0),(0,0,0),(0,7,0),(0,3,0),
(0,62,8),(0,164,24),(0,11,0),(0,8,0),(2,135,0),(0,89,4),
(0,190,3),(0,197,9),(0,14,0),(1,5,0),(0,191,12),(0,248,33),
}
{
(0,13,0),(1,36,0),(1,32,0),(1,61,0),(4,143,0),(5,110,0),
(0,19,0),(4,137,0),(0,58,0),(0,30,1),(0,248,28),(0,161,0),
(0,0,0),(0,24,2),(8,13,9),(0,3,0),(12,49,12),(1,17,3),
(0,0,0),(0,0,0),(0,0,0),(0,0,0),(0,1,0),(0,0,0),
}
{
(0,0,0),(0,0,0),(0,0,0),(0,8,0),(0,31,0),(0,11,0),
(0,0,0),(0,7,0),(0,4,0),(0,11,0),(3,110,0),(1,20,0),
(0,0,0),(0,7,0),(0,10,0),(0,0,0),(0,14,0),(0,0,0),
(0,0,0),(0,0,0),(0,0,0),(0,0,0),(0,0,0),(0,0,0),
}
{
(0,1,0),(0,18,0),(1,54,0),(4,87,0),(3,95,0),(1,59,0),
(0,9,0),(3,101,0),(3,98,0),(0,149,0),(0,234,15),(2,152,0),
(0,0,0),(0,41,0),(5,13,7),(0,4,0),(0,71,10),(0,14,2),
(0,0,0),(0,0,0),(0,0,0),(0,0,0),(0,0,0),(0,0,0),
}
{
(0,1,0),(1,0,1),(0,1,0),(0,1,0),(0,1,0),(1,1,1),
(1,1,0),(0,1,0),(0,1,1),(1,1,1),(0,0,0),(0,1,0),
(0,2,0),(0,32,1),(1,48,0),(2,46,0),(0,70,0),(1,25,0),
(0,1,0),(0,4,0),(0,4,0),(0,8,0),(0,22,0),(0,14,0),
}
{
(1,40,0),(3,95,0),(6,131,0),(0,232,3),(0,230,15),(3,183,0),
(2,73,0),(0,232,11),(0,204,6),(0,171,14),(0,249,58),(0,234,31),
(0,4,0),(0,72,4),(3,48,0),(1,56,0),(6,127,0),(0,66,0),
(0,0,0),(0,1,0),(0,1,0),(0,3,0),(0,7,0),(0,2,0),
}
{
(0,0,0),(14,0,0),(53,0,8),(50,0,9),(14,0,0),(0,0,0),
(0,0,0),(21,0,3),(125,0,56),(133,0,77),(21,0,4),(0,0,0),
(0,0,0),(0,0,0),(0,0,0),(0,0,0),(0,0,0),(0,0,0),
(0,0,0),(0,0,0),(0,0,0),(0,0,0),(0,0,0),(0,0,0),
}
{
(0,0,0),(0,0,0),(0,0,0),(0,0,0),(0,0,0),(0,0,0),
(0,0,0),(0,0,0),(0,0,0),(0,0,0),(0,0,0),(0,0,0),
(0,0,0),(0,0,0),(0,0,0),(0,0,0),(0,0,0),(0,0,0),
(0,0,0),(0,0,0),(0,0,0),(0,0,0),(0,0,0),(0,0,0),
}
{
(1,44,0),(3,100,0),(4,148,0),(5,168,0),(2,146,0),(0,76,0),
(0,74,0),(0,184,3),(0,226,3),(3,231,0),(0,221,7),(0,126,0),
(0,94,0),(0,237,35),(0,244,16),(0,249,37),(0,249,49),(0,131,2),
(0,129,0),(0,163,2),(5,158,0),(6,183,0),(2,156,0),(2,131,0),
}
{
(4,12,4),(0,64,2),(0,84,0),(4,84,0),(1,30,0),(1,8,1),
(5,38,8),(2,77,0),(2,158,0),(9,187,0),(5,100,0),(0,32,2),
(0,39,0),(0,90,0),(5,150,0),(3,182,0),(2,89,0),(0,86,7),
(0,1,1),(0,8,0),(0,66,3),(3,99,0),(1,17,0),(0,1,0),
}
{
(0,0,0),(0,0,0),(0,0,0),(0,0,0),(0,0,0),(0,0,0),
(0,0,0),(0,0,0),(0,0,0),(0,0,0),(0,0,0),(0,0,0),
(0,0,0),(0,0,0),(0,0,0),(0,0,0),(0,0,0),(0,0,0),
(0,0,0),(0,0,0),(0,0,0),(0,0,0),(0,0,0),(0,0,0),
}
{
(0,2,0),(8,36,9),(0,37,0),(1,56,0),(1,68,0),(2,30,2),
(0,6,0),(0,105,0),(0,85,0),(0,125,0),(0,153,0),(0,53,0),
(4,33,4),(0,201,10),(0,137,0),(0,139,4),(0,233,15),(0,88,0),
(0,60,0),(0,110,0),(0,102,1),(1,114,0),(0,153,2),(0,105,1),
}
{
(9,14,10),(11,29,12),(0,66,2),(0,60,2),(0,54,0),(0,62,2),
(11,21,11),(0,50,2),(0,59,0),(0,92,1),(0,129,10),(0,108,5),
(6,25,7),(1,56,0),(0,60,8),(8,39,6),(0,79,0),(8,55,9),
(2,21,2),(6,29,6),(1,9,3),(0,3,0),(2,5,3),(1,1,1),
}
{
(9,32,9),(0,95,0),(0,104,5),(0,123,2),(0,155,5),(0,101,0),
(10,60,11),(0,124,2),(0,116,0),(0,129,0),(0,222,7),(0,153,5),
(0,56,0),(2,123,0),(6,95,0),(5,114,0),(0,192,3),(0,191,12),
(2,23,2),(0,8,0),(0,58,1),(0,141,16),(0,126,8),(1,15,0),
}
{
(2,3,3),(5,13,6),(4,19,5),(1,45,1),(0,43,0),(9,21,10),
(0,2,0),(3,28,3),(10,29,10),(0,53,0),(0,73,2),(11,30,11),
(7,22,8),(6,135,0),(0,101,5),(0,74,3),(7,119,0),(0,65,0),
(8,34,8),(0,53,0),(0,50,3),(0,34,1),(0,78,2),(0,70,2),
}
{
(0,2,0),(4,25,4),(3,36,3),(0,59,0),(0,55,0),(3,20,2),
(0,5,0),(0,92,0),(2,67,0),(1,93,0),(0,148,0),(0,45,0),
(0,28,0),(0,204,3),(0,154,0),(0,161,2),(0,232,15),(0,89,1),
(0,65,0),(0,107,1),(2,62,0),(0,89,0),(0,147,2),(0,116,3),
}
{
(4,20,5),(0,59,5),(0,0,0),(0,0,0),(0,87,5),(0,78,5),
(12,24,12),(0,110,0),(0,4,0),(0,5,0),(0,134,4),(0,121,4),
(17,36,19),(3,73,0),(13,24,12),(0,5,0),(0,107,3),(3,75,0),
(8,24,9),(16,46,16),(15,26,17),(0,1,0),(0,57,2),(0,89,1),
}
{
(0,9,0),(0,62,3),(2,50,2),(0,99,11),(0,133,6),(0,84,2),
(0,63,1),(0,127,0),(0,88,1),(0,90,0),(0,189,3),(0,131,0),
(0,85,2),(2,168,0),(2,53,0),(0,60,0),(19,169,0),(0,192,9),
(1,52,0),(0,41,0),(4,15,4),(0,15,0),(1,45,0),(0,111,5),
}
{
(0,5,0),(2,30,2),(83,22,0),(79,35,0),(2,62,0),(2,37,2),
(0,7,0),(2,89,0),(111,94,0),(104,133,0),(0,175,2),(0,51,0),
(1,36,0),(0,211,7),(18,180,0),(10,213,0),(0,244,16),(0,87,1),
(0,74,0),(0,107,0),(0,100,0),(2,124,0),(0,172,2),(1,105,0),
}
{
(14,0,0),(46,0,0),(93,0,0),(86,0,0),(41,0,0),(8,0,0),
(15,0,0),(87,0,1),(183,0,18),(215,0,17),(88,0,1),(19,0,0),
(27,0,0),(118,9,0),(183,0,21),(181,0,15),(108,7,0),(17,0,0),
(8,0,0),(80,0,0),(55,0,0),(95,0,1),(58,0,0),(18,0,0),
}
{
(0,132,8),(4,50,0),(6,10,0),(5,18,0),(4,82,0),(15,184,0),
(4,84,0),(21,183,0),(62,33,0),(59,34,0),(6,189,0),(15,182,0),
(3,51,0),(12,145,0),(85,38,0),(71,28,0),(12,148,0),(1,93,0),
(0,6,0),(1,13,0),(8,4,0),(12,3,0),(0,19,0),(0,14,0),
}
{
(3,6,4),(15,27,13),(20,52,15),(4,74,0),(0,57,0),(10,28,11),
(7,25,9),(5,70,0),(67,53,0),(72,75,0),(8,102,0),(0,64,0),
(1,86,0),(9,145,0),(93,108,0),(65,131,0),(13,205,0),(0,98,0),
(22,44,21),(9,43,8),(10,60,0),(6,76,0),(7,75,0),(2,78,0),
}
{
(0,0,0),(0,0,0),(8,0,0),(7,0,0),(0,0,0),(0,0,0),
(0,0,0),(8,0,0),(71,0,2),(69,0,1),(7,0,0),(0,0,0),
(1,0,0),(10,0,0),(69,0,1),(80,0,2),(7,0,0),(0,0,0),
(1,0,0),(2,0,0),(9,0,0),(14,0,0),(1,0,0),(0,0,0),
}
{
(1,23,0),(1,95,0),(8,73,0),(5,79,0),(0,153,0),(1,64,0),
(1,31,0),(0,165,0),(63,135,0),(55,146,0),(0,212,14),(0,165,0),
(1,67,0),(10,210,0),(86,124,0),(58,134,0),(0,231,3),(0,154,7),
(2,56,0),(2,85,0),(7,49,0),(9,63,0),(5,113,0),(2,73,0),
}
{
(0,2,0),(0,19,0),(0,43,0),(1,51,0),(0,30,0),(0,8,0),
(0,4,0),(0,37,0),(3,119,0),(2,154,0),(0,74,0),(0,19,0),
(0,12,0),(3,97,0),(0,173,0),(0,179,2),(0,183,6),(0,48,0),
(0,21,0),(0,26,0),(1,56,0),(1,73,0),(1,77,0),(1,34,0),
}
{
(0,154,17),(0,95,31),(0,37,43),(0,51,47),(0,113,22),(0,198,6),
(0,110,0),(0,180,24),(0,70,125),(0,96,134),(0,204,54),(3,196,0),
(0,58,21),(0,147,63),(0,81,139),(0,85,146),(0,176,73),(0,126,14),
(0,12,14),(0,20,12),(0,18,30),(0,23,34),(0,39,19),(0,31,6),
}
{
(5,6,6),(4,12,17),(23,33,62),(10,28,47),(9,30,23),(10,18,12),
(6,21,9),(0,86,45),(39,0,131),(33,0,145),(0,84,35),(12,42,15),
(14,31,29),(0,122,48),(68,0,146),(57,0,163),(0,130,54),(2,48,16),
(16,28,27),(24,47,32),(20,32,39),(27,49,56),(23,52,38),(10,31,15),
}
{
(0,19,107),(0,48,181),(0,73,232),(0,66,223),(0,27,184),(0,11,119),
(6,12,30),(0,40,134),(168,184,228),(196,199,239),(8,0,163),(9,10,43),
(0,1,3),(2,14,30),(0,25,100),(0,21,106),(1,8,33),(0,1,3),
(0,0,1),(0,1,3),(1,3,13),(0,3,14),(0,0,4),(0,0,1),
}
{
(0,0,2),(5,13,33),(0,61,204),(22,0,227),(0,8,56),(0,0,3),
(0,0,3),(0,11,44),(0,56,199),(0,23,233),(0,18,100),(4,7,22),
(0,0,3),(0,10,42),(0,58,194),(0,32,246),(0,39,171),(4,8,27),
(0,0,0),(0,20,57),(0,37,162),(0,35,163),(0,12,128),(21,30,72),
}
{
(0,11,69),(0,32,150),(0,31,171),(0,36,144),(0,19,131),(0,9,63),
(0,1,58),(0,24,145),(0,30,232),(0,20,241),(0,17,175),(0,6,65),
(0,8,64),(0,24,144),(0,32,214),(0,44,221),(0,24,165),(0,12,76),
(0,9,55),(0,15,103),(0,6,97),(0,20,83),(0,15,103),(12,17,47),
}
{
(1,4,11),(13,24,48),(0,34,170),(7,0,151),(0,0,93),(19,19,49),
(12,18,34),(0,31,118),(0,65,232),(7,0,231),(6,0,180),(5,7,41),
(0,2,9),(0,26,98),(0,68,196),(0,24,214),(0,0,192),(0,2,60),
(8,11,24),(12,30,63),(15,34,66),(26,30,56),(0,2,74),(6,8,21),
}
{
(0,0,1),(0,10,0),(0,152,0),(0,165,0),(0,18,0),(0,0,2),
(0,0,2),(0,13,0),(0,160,5),(3,182,0),(0,22,0),(0,0,2),
(0,0,2),(0,4,0),(2,49,0),(1,59,0),(0,8,0),(0,0,2),
(0,0,1),(0,0,1),(0,2,0),(0,3,0),(0,0,1),(0,0,1),
}
{
(1,33,0),(2,64,0),(3,99,0),(2,122,0),(2,60,0),(0,30,0),
(1,47,0),(4,149,0),(0,227,18),(0,215,10),(2,138,0),(1,40,0),
(0,14,0),(3,100,0),(0,241,28),(0,239,31),(3,91,0),(0,12,0),
(0,6,0),(3,68,0),(0,217,3),(0,215,0),(2,87,0),(0,14,0),
}
{
(7,16,6),(0,49,1),(0,79,0),(0,95,0),(1,73,0),(0,24,0),
(0,40,0),(0,108,0),(0,152,2),(0,191,6),(4,125,0),(0,77,0),
(1,45,0),(9,143,0),(0,186,3),(0,208,3),(15,184,0),(3,76,0),
(0,54,0),(0,59,0),(1,76,0),(1,100,0),(0,98,0),(2,68,0),
}
{
(8,23,11),(7,33,8),(0,54,0),(0,76,1),(0,57,0),(17,40,18),
(11,38,11),(0,122,2),(0,149,4),(2,151,0),(4,126,0),(0,61,0),
(0,43,0),(4,125,0),(5,172,0),(3,183,0),(14,178,0),(0,60,0),
(9,27,9),(7,42,6),(0,73,0),(0,112,0),(3,77,0),(0,41,0),
}
{
(10,16,10),(11,46,22),(0,48,25),(0,108,43),(0,85,24),(8,31,9),
(0,33,8),(0,104,39),(0,101,119),(0,92,121),(0,146,36),(0,99,13),
(0,79,14),(0,155,25),(0,120,104),(0,140,140),(0,195,26),(0,137,13),
(14,44,14),(0,61,3),(0,56,31),(0,40,58),(0,84,8),(0,123,4),
}
{
(0,0,0),(2,25,4),(2,30,16),(4,7,12),(0,1,1),(0,2,0),
(5,13,7),(10,34,13),(0,85,60),(0,22,70),(0,0,6),(0,0,0),
(2,7,5),(0,90,6),(0,32,42),(3,0,59),(0,0,3),(0,0,0),
(0,0,0),(5,24,6),(0,5,2),(0,0,6),(0,1,1),(0,0,0),
}
{
(29,62,0),(20,112,0),(0,111,9),(0,37,0),(0,19,0),(0,21,0),
(2,30,0),(32,138,0),(52,196,0),(0,98,4),(0,42,0),(0,0,0),
(1,27,1),(2,159,0),(0,206,6),(0,97,0),(2,52,0),(0,1,0),
(0,66,0),(0,61,2),(0,81,0),(0,105,3),(2,20,2),(0,0,0),
}
{
(1,4,2),(5,13,6),(0,14,0),(1,91,0),(1,68,0),(2,7,2),
(0,0,1),(2,17,3),(0,33,0),(0,140,0),(1,44,0),(0,3,1),
(1,3,1),(0,35,0),(0,105,0),(2,73,0),(2,63,0),(0,0,0),
(0,0,0),(1,22,1),(5,69,0),(0,20,0),(1,42,0),(0,0,0),
}
{
(0,110,0),(1,16,2),(0,0,0),(0,0,0),(0,8,0),(0,195,9),
(0,91,1),(0,155,12),(0,5,0),(0,8,0),(0,116,9),(0,201,13),
(0,112,1),(0,202,10),(0,13,0),(0,12,0),(0,189,25),(0,190,0),
(0,112,1),(0,36,1),(0,0,0),(0,2,0),(0,35,0),(0,202,16),
}
{
(4,25,4),(0,89,0),(0,0,0),(0,0,0),(0,73,0),(0,133,13),
(0,1,0),(0,114,3),(0,3,0),(0,4,0),(0,141,7),(10,44,12),
(0,1,1),(6,24,5),(4,7,5),(0,1,0),(1,24,0),(0,6,0),
(1,0,1),(0,0,0),(0,0,0),(0,0,0),(0,0,0),(0,0,0),
}
{
(1,5,1),(0,67,0),(0,0,0),(0,0,0),(0,119,3),(1,97,0),
(0,0,0),(0,110,1),(0,0,0),(0,1,0),(0,178,23),(0,43,2),
(0,0,0),(12,20,13),(8,12,9),(0,0,0),(23,35,21),(0,3,0),
(0,0,0),(0,0,0),(0,0,0),(0,0,0),(0,0,0),(0,0,0),
}
{
(5,46,0),(13,81,0),(14,105,0),(28,193,0),(6,208,0),(6,187,0),
(10,150,0),(7,211,0),(26,200,0),(46,174,0),(0,248,16),(0,248,24),
(1,106,0),(15,129,0),(3,104,0),(0,99,3),(7,146,0),(1,110,0),
(0,0,0),(0,2,0),(0,1,0),(0,5,0),(0,14,0),(0,8,0),
}
{
(11,0,20),(37,0,107),(47,0,159),(54,0,155),(40,0,121),(15,0,39),
(7,1,2),(23,0,57),(101,0,202),(92,0,205),(0,8,80),(3,16,5),
(0,112,0),(0,165,13),(65,29,133),(67,0,112),(0,217,21),(0,162,13),
(5,79,0),(6,123,0),(0,164,21),(0,179,26),(0,245,24),(0,239,27),
}
{
(3,8,14),(23,41,37),(12,31,35),(5,20,49),(6,7,21),(12,23,26),
(3,10,5),(2,18,22),(0,84,110),(0,108,141),(16,38,33),(6,22,11),
(4,0,26),(2,23,16),(0,84,101),(0,84,113),(13,37,35),(3,0,21),
(7,24,29),(13,33,35),(2,17,10),(0,5,10),(5,34,12),(17,29,36),
}
{
(0,20,0),(1,69,0),(1,114,0),(0,124,0),(1,99,0),(1,53,0),
(0,42,0),(2,153,0),(0,194,0),(0,213,3),(0,208,6),(1,102,0),
(0,82,0),(0,234,23),(0,239,11),(0,248,28),(0,248,41),(0,122,4),
(0,74,0),(0,141,2),(0,144,0),(0,152,0),(0,162,0),(2,131,0),
}
{
(4,19,6),(2,12,2),(6,28,8),(0,43,5),(0,46,3),(9,45,15),
(14,19,14),(6,28,8),(10,22,11),(23,50,24),(0,55,2),(27,48,26),
(0,0,0),(9,37,10),(10,14,10),(0,7,0),(6,50,4),(0,5,0),
(0,0,0),(0,1,0),(0,0,0),(0,0,0),(0,0,0),(0,0,0),
}
{
(0,45,3),(0,84,4),(0,91,4),(0,118,3),(0,154,7),(0,94,0),
(0,51,0),(3,114,0),(0,116,0),(0,153,5),(2,178,0),(0,158,0),
(0,9,0),(2,77,0),(4,55,0),(2,52,0),(7,113,0),(1,39,0),
(0,0,0),(0,2,0),(0,1,0),(0,3,0),(0,6,0),(0,1,0),
}
{
(0,68,2),(0,94,3),(0,143,4),(0,108,1),(0,116,1),(0,143,7),
(3,48,3),(0,98,0),(0,122,0),(0,174,2),(0,215,10),(0,179,5),
(0,9,0),(3,70,0),(3,46,0),(2,77,0),(2,131,0),(3,74,0),
(0,0,0),(0,2,0),(0,2,0),(0,6,0),(0,11,0),(0,4,0),
}
{
(3,24,3),(0,44,0),(0,107,5),(0,69,3),(0,106,3),(0,90,3),
(0,55,0),(0,115,3),(0,119,5),(0,119,1),(0,173,5),(0,123,2),
(0,78,3),(0,144,9),(0,157,7),(0,167,0),(8,163,0),(7,118,0),
(1,66,0),(0,49,0),(0,9,0),(0,26,0),(2,62,0),(0,56,1),
}
{
(0,14,0),(4,13,5),(0,56,3),(0,51,0),(1,51,0),(0,64,2),
(4,26,4),(0,78,0),(0,64,2),(4,28,4),(0,139,4),(0,73,3),
(2,21,2),(5,86,0),(0,82,4),(0,82,1),(0,87,0),(0,67,0),
(20,34,21),(0,11,0),(3,35,4),(0,34,1),(4,26,4),(9,35,10),
}
{
(0,2,0),(3,27,6),(10,29,10),(5,49,7),(4,28,4),(7,19,8),
(0,3,0),(2,30,2),(5,51,3),(0,69,0),(3,79,0),(3,21,3),
(10,28,10),(8,97,0),(2,69,0),(1,80,0),(8,129,0),(1,46,0),
(1,11,1),(2,29,3),(7,29,8),(2,35,3),(0,52,0),(6,29,6),
}
{
(9,26,11),(16,50,19),(5,17,4),(0,60,6),(7,29,7),(9,31,10),
(0,3,0),(0,73,3),(0,75,1),(2,63,0),(2,86,0),(15,38,14),
(0,15,0),(2,86,0),(3,100,0),(4,89,0),(7,146,0),(0,44,0),
(3,11,3),(1,23,0),(0,44,0),(0,53,2),(3,55,0),(4,32,7),
}
{
(3,4,4),(24,43,26),(9,24,10),(16,50,17),(9,34,8),(2,10,1),
(1,7,1),(0,82,1),(0,61,0),(4,81,0),(0,104,0),(4,49,4),
(0,14,0),(0,103,0),(0,89,0),(5,103,0),(9,142,0),(5,61,0),
(15,26,16),(7,41,7),(6,55,7),(5,52,6),(0,53,0),(22,52,22),
}
{
(2,4,2),(6,16,6),(0,13,0),(17,46,17),(8,36,9),(12,31,14),
(3,6,3),(0,56,0),(0,57,0),(0,56,0),(0,93,0),(4,27,5),
(7,16,7),(0,124,0),(4,84,0),(1,76,0),(8,134,0),(1,57,0),
(18,25,19),(8,20,8),(7,22,7),(1,27,1),(2,28,2),(9,23,10),
}
{
(1,53,0),(0,137,0),(0,169,0),(0,182,3),(0,149,0),(0,116,1),
(0,73,0),(0,179,5),(0,244,36),(0,232,23),(0,215,21),(0,134,2),
(0,81,0),(0,174,2),(0,230,30),(0,234,39),(0,200,6),(2,129,0),
(2,34,2),(0,72,0),(2,160,0),(0,158,2),(2,122,0),(0,42,2),
}
{
(0,43,2),(39,0,61),(195,0,225),(227,0,244),(72,0,118),(0,52,3),
(0,40,0),(0,104,22),(143,0,210),(139,0,221),(0,129,40),(0,121,8),
(0,93,9),(0,121,8),(0,132,48),(0,140,60),(0,160,5),(0,129,4),
(0,6,0),(0,37,1),(9,44,10),(0,91,3),(0,83,1),(7,29,8),
}
{
(2,20,3),(0,60,2),(2,49,13),(0,54,15),(0,66,3),(0,58,1),
(1,29,2),(0,120,20),(0,114,81),(0,116,92),(0,171,28),(0,85,0),
(0,63,5),(0,140,14),(0,166,44),(0,164,68),(0,193,9),(0,128,2),
(0,50,5),(0,70,5),(0,121,20),(0,85,21),(0,128,17),(0,87,5),
}
{
(1,5,1),(1,18,4),(0,52,12),(0,63,14),(5,40,9),(0,12,1),
(0,8,1),(0,64,10),(0,108,54),(0,114,53),(0,108,14),(0,48,4),
(3,15,4),(0,102,13),(54,119,101),(44,106,87),(0,132,13),(3,28,3),
(0,1,0),(0,7,1),(9,30,14),(6,41,15),(0,9,1),(0,1,0),
}
{
(0,0,0),(0,0,0),(2,2,10),(3,3,9),(0,0,3),(0,0,0),
(0,0,0),(2,1,10),(52,0,98),(47,0,106),(6,2,18),(0,0,0),
(0,0,0),(4,1,12),(43,0,84),(22,5,90),(8,3,22),(0,0,0),
(0,0,0),(0,0,1),(5,4,11),(6,5,14),(0,1,3),(0,0,0),
}
{
(0,0,0),(0,0,2),(2,0,15),(3,0,16),(0,0,2),(0,0,0),
(0,0,0),(3,3,10),(37,37,61),(45,55,65),(3,8,9),(0,0,0),
(0,0,0),(4,1,12),(25,0,77),(21,0,87),(6,3,17),(0,0,0),
(0,0,0),(1,0,5),(6,2,15),(5,2,15),(2,0,8),(0,0,0),
}
{
(0,0,0),(0,0,0),(1,3,6),(1,4,7),(0,0,0),(0,0,0),
(0,0,0),(0,2,4),(31,0,82),(17,0,95),(2,9,9),(0,0,0),
(0,0,0),(8,1,20),(40,0,90),(49,0,107),(11,0,29),(0,0,0),
(0,0,0),(0,0,2),(3,1,11),(5,3,14),(0,1,5),(0,0,0),
}
{
(0,227,30),(0,167,27),(0,44,18),(0,49,16),(0,156,20),(0,233,54),
(0,169,8),(0,220,11),(0,113,64),(0,129,55),(0,232,38),(0,228,11),
(0,62,0),(0,163,16),(0,103,53),(0,113,60),(0,193,28),(0,139,2),
(0,8,0),(1,26,8),(3,21,9),(8,25,18),(0,37,8),(0,23,0),
}
{
(0,99,1),(0,235,27),(0,202,10),(0,211,0),(0,249,62),(0,180,15),
(0,214,17),(0,236,39),(0,178,2),(0,198,0),(0,247,20),(0,228,41),
(0,186,6),(0,188,12),(2,88,0),(0,126,2),(0,199,6),(0,185,12),
(1,16,0),(0,20,0),(0,10,0),(0,16,0),(0,41,0),(1,30,0),
}
{
(0,40,0),(0,122,0),(0,208,0),(0,235,11),(0,158,0),(0,85,2),
(0,60,0),(0,174,14),(0,230,15),(0,226,22),(0,217,28),(0,160,8),
(0,176,8),(0,243,20),(0,243,40),(0,244,32),(0,250,41),(0,239,31),
(3,119,0),(0,197,16),(1,97,0),(0,137,2),(0,190,22),(0,212,17),
}
{
(0,43,0),(1,89,0),(0,127,0),(5,166,0),(0,140,0),(0,62,0),
(2,47,0),(0,145,0),(0,219,10),(0,231,23),(0,188,18),(0,104,0),
(0,78,0),(0,206,3),(0,198,13),(0,211,3),(0,234,23),(0,179,5),
(1,115,0),(0,121,0),(0,112,5),(0,157,10),(0,135,0),(0,170,5),
}
{
(0,0,0),(0,0,0),(0,0,0),(0,0,0),(0,0,0),(0,0,0),
(0,0,0),(0,0,0),(0,0,0),(0,0,0),(0,0,0),(0,0,0),
(0,0,0),(0,0,0),(0,0,0),(0,0,0),(0,0,0),(0,0,0),
(0,0,0),(0,0,0),(0,0,0),(0,0,0),(0,0,0),(0,0,0),
}
{
(0,5,0),(0,28,0),(3,90,0),(1,89,0),(0,49,0),(0,55,0),
(1,27,2),(0,98,1),(0,193,0),(0,226,18),(0,150,7),(0,157,15),
(1,23,0),(0,70,4),(0,36,3),(9,46,14),(0,93,3),(0,106,8),
(0,0,0),(0,0,0),(0,0,0),(0,0,0),(0,0,0),(0,0,0),
}
{
(0,21,0),(0,74,0),(2,141,0),(0,142,0),(3,112,0),(0,72,2),
(0,37,0),(0,127,4),(0,210,7),(0,234,27),(0,170,8),(0,102,0),
(0,103,1),(0,206,17),(0,201,16),(0,191,6),(0,232,19),(0,173,5),
(1,109,0),(0,214,7),(0,179,11),(0,172,0),(0,205,3),(0,145,2),
}
{
(0,34,0),(0,99,0),(0,172,0),(0,161,0),(0,117,0),(0,71,2),
(0,46,0),(0,138,4),(0,212,7),(0,232,19),(0,173,11),(0,107,3),
(0,118,3),(0,214,10),(0,218,10),(0,204,10),(0,235,27),(0,184,9),
(0,113,0),(0,218,14),(0,176,20),(0,180,12),(0,230,23),(0,170,0),
}
{
(11,0,45),(29,0,80),(5,4,24),(4,4,23),(5,0,68),(0,0,58),
(60,0,151),(111,0,223),(66,0,223),(79,0,208),(49,0,230),(29,0,162),
(9,13,32),(4,0,80),(15,0,102),(20,0,103),(29,0,78),(14,5,40),
(0,0,0),(0,0,0),(0,0,2),(0,0,3),(0,0,0),(0,0,0),
}
{
(8,21,9),(0,49,7),(0,104,13),(0,110,14),(0,130,17),(0,45,3),
(5,39,10),(0,97,21),(118,154,138),(0,189,81),(0,173,37),(0,114,17),
(0,50,3),(0,132,11),(12,101,45),(0,110,49),(0,196,19),(0,128,0),
(17,39,16),(9,36,9),(0,13,0),(0,51,9),(4,83,0),(1,54,0),
}
{
(10,17,11),(3,49,6),(4,22,5),(4,25,4),(0,57,2),(17,38,18),
(5,9,5),(0,70,2),(0,58,0),(2,76,0),(2,76,0),(7,30,7),
(17,36,17),(8,127,0),(0,93,0),(5,105,0),(13,134,0),(2,43,0),
(0,15,1),(0,60,4),(0,59,5),(4,40,5),(0,61,2),(15,38,15),
}
{
(0,0,21),(2,0,60),(0,0,1),(0,0,0),(9,8,35),(2,2,27),
(1,0,6),(8,0,66),(12,0,83),(52,47,78),(11,0,84),(2,2,9),
(0,0,0),(0,0,0),(0,0,2),(0,0,1),(0,0,0),(0,0,0),
(0,0,0),(0,0,0),(0,0,0),(0,0,0),(0,0,0),(0,0,0),
}
{
(0,9,93),(0,20,153),(0,30,166),(0,33,168),(0,24,144),(0,13,102),
(0,26,178),(0,39,239),(83,119,250),(150,165,248),(0,4,241),(0,9,186),
(0,14,96),(0,22,168),(0,27,180),(0,11,176),(0,11,170),(0,8,100),
(0,4,26),(0,10,52),(1,7,33),(4,6,24),(2,6,35),(1,1,9),
}
{
(0,0,2),(86,0,58),(50,0,169),(4,0,141),(62,0,50),(0,0,1),
(0,0,0),(9,0,19),(128,0,188),(107,0,189),(11,0,29),(0,0,0),
(0,0,1),(0,0,3),(13,0,50),(13,0,55),(1,0,7),(0,0,1),
(0,0,0),(0,0,0),(0,0,0),(0,0,1),(0,0,0),(0,0,0),
}
{
(26,13,19),(18,5,29),(8,0,48),(8,0,52),(17,10,37),(16,7,11),
(19,32,11),(60,33,23),(45,0,114),(21,0,115),(46,39,36),(27,35,13),
(0,0,0),(0,0,0),(3,6,10),(3,7,11),(0,0,1),(0,0,0),
(0,0,0),(0,0,0),(0,0,0),(0,0,0),(0,0,0),(0,0,0),
}
{
(2,0,2),(8,2,8),(7,0,31),(22,12,49),(14,4,26),(15,8,20),
(8,0,2),(17,4,7),(60,47,72),(45,41,81),(7,3,5),(9,5,8),
(9,15,6),(10,16,7),(2,46,0),(4,58,0),(3,11,2),(7,12,7),
(0,0,0),(0,0,0),(32,48,21),(25,39,16),(0,0,0),(0,0,0),
}
{
(0,0,3),(0,1,44),(0,15,129),(0,17,116),(1,4,48),(0,0,5),
(0,0,0),(6,5,21),(0,5,155),(0,12,148),(6,6,23),(0,0,0),
(0,0,0),(0,0,0),(0,0,1),(0,0,1),(0,0,0),(0,0,0),
(0,0,0),(0,0,0),(0,0,0),(0,0,0),(0,0,0),(0,0,0),
}
{
(0,0,6),(1,0,55),(15,0,137),(14,0,123),(4,0,65),(0,0,18),
(6,0,33),(4,0,73),(47,0,205),(51,0,206),(10,0,91),(6,0,30),
(3,0,43),(14,0,120),(81,0,222),(94,0,227),(14,0,124),(2,0,43),
(1,0,29),(11,0,86),(17,0,115),(16,0,126),(13,0,83),(0,0,8),
}
{
(0,102,13),(0,92,18),(0,2,51),(3,20,47),(0,130,41),(0,169,11),
(0,111,22),(0,168,8),(0,17,105),(0,30,113),(0,200,46),(0,195,9),
(0,35,0),(0,110,60),(0,23,92),(0,26,106),(0,149,57),(0,95,4),
(4,0,32),(1,8,8),(3,0,38),(0,0,35),(0,13,5),(1,7,23),
}
{
(1,9,1),(0,49,0),(0,100,6),(0,143,9),(1,95,0),(0,122,4),
(6,33,4),(0,103,0),(6,103,0),(7,148,0),(15,187,0),(5,162,0),
(7,24,6),(9,99,0),(2,46,0),(1,62,0),(10,153,0),(3,91,0),
(0,1,1),(1,5,1),(0,4,1),(0,6,1),(1,13,0),(1,7,0),
}
{
(2,0,85),(27,0,162),(69,0,219),(78,0,223),(35,0,177),(4,0,97),
(0,0,14),(20,0,104),(114,0,222),(130,0,223),(34,0,130),(1,0,25),
(0,0,1),(0,0,5),(0,0,42),(1,0,51),(0,0,8),(0,0,1),
(0,0,1),(0,0,1),(0,0,1),(0,0,1),(0,0,1),(0,0,1),
}
{
(0,0,0),(0,0,32),(15,0,132),(13,0,130),(0,0,30),(0,0,0),
(0,0,0),(0,0,0),(34,0,123),(39,0,140),(0,0,2),(0,0,0),
(0,0,0),(0,0,0),(0,0,1),(0,0,2),(0,0,0),(0,0,0),
(0,0,0),(0,0,0),(0,0,0),(0,0,0),(0,0,0),(0,0,0),
}
{
(7,0,109),(45,0,193),(88,0,231),(97,0,234),(49,0,196),(7,0,114),
(8,0,74),(63,0,182),(127,0,231),(121,0,235),(83,0,192),(17,0,96),
(0,0,0),(0,0,22),(7,0,91),(8,0,96),(0,0,23),(0,0,0),
(0,0,0),(0,0,1),(0,0,7),(0,0,6),(0,0,0),(0,0,0),
}
{
(4,144,0),(0,200,6),(4,141,0),(5,155,0),(0,240,24),(0,234,7),
(0,213,3),(0,244,36),(4,131,0),(5,175,0),(0,248,37),(0,249,49),
(0,198,13),(0,241,44),(0,91,9),(2,161,0),(0,245,36),(0,243,36),
(0,46,7),(0,84,16),(0,58,10),(0,109,7),(0,77,21),(0,161,16),
}
{
(0,0,0),(22,0,0),(97,0,0),(123,4,0),(39,0,0),(5,0,0),
(7,0,0),(26,0,0),(154,23,0),(184,27,0),(64,0,0),(8,0,0),
(9,0,0),(34,0,0),(154,15,0),(180,24,0),(51,0,0),(9,0,0),
(0,0,0),(12,0,0),(46,0,0),(76,0,0),(27,0,0),(1,0,0),
}
{
(21,0,0),(87,1,0),(98,4,0),(69,0,0),(65,0,0),(10,0,0),
(27,0,0),(129,6,0),(190,50,0),(154,17,0),(96,1,0),(15,0,0),
(36,0,0),(119,1,0),(145,21,0),(123,14,0),(104,1,0),(19,0,0),
(21,0,0),(55,0,0),(32,0,0),(11,0,0),(26,0,0),(4,0,0),
}
{
(4,130,0),(0,190,6),(4,129,0),(6,127,0),(0,231,19),(0,233,3),
(0,211,3),(0,245,36),(3,118,0),(4,140,0),(0,246,32),(0,249,37),
(0,201,16),(0,244,52),(0,102,69),(0,112,16),(0,238,39),(0,238,31),
(0,55,19),(0,93,27),(0,44,14),(0,48,18),(0,73,32),(0,149,19),
}
{
(9,0,0),(81,0,8),(183,0,73),(137,0,47),(96,0,17),(26,0,0),
(18,0,0),(72,0,4),(190,0,114),(191,0,127),(127,0,35),(20,0,1),
(1,0,0),(41,0,2),(181,0,99),(165,0,104),(94,0,18),(3,0,0),
(0,0,0),(13,0,0),(124,0,31),(104,0,36),(57,0,8),(8,0,0),
}
{
(0,0,0),(1,0,0),(7,0,0),(8,0,0),(6,0,0),(0,0,0),
(0,0,0),(5,0,0),(62,0,15),(81,0,16),(11,0,0),(1,0,0),
(0,0,0),(3,0,0),(33,0,2),(43,0,4),(11,0,0),(1,0,0),
(0,0,0),(0,0,0),(0,0,0),(0,0,0),(0,0,0),(0,0,0),
}
{
(1,2,1),(14,36,17),(17,41,23),(12,49,21),(10,33,12),(13,25,15),
(3,7,4),(7,36,9),(0,79,40),(0,87,46),(0,77,6),(8,24,8),
(14,35,17),(0,108,3),(0,95,42),(0,109,54),(0,124,0),(0,43,0),
(2,18,3),(11,37,16),(6,33,9),(3,38,11),(10,57,13),(5,20,5),
}
{
(0,0,0),(0,0,0),(0,0,1),(0,0,1),(1,2,2),(1,0,1),
(0,0,0),(1,1,1),(5,6,7),(4,4,8),(3,4,3),(1,1,2),
(0,0,0),(7,9,8),(6,6,8),(14,13,17),(17,21,18),(1,2,2),
(0,0,0),(1,0,2),(0,0,0),(0,0,1),(0,0,1),(0,1,0),
}
{
(0,0,0),(9,8,25),(0,0,0),(0,0,0),(2,1,9),(0,0,0),
(0,0,0),(0,0,0),(11,10,20),(20,19,22),(0,0,0),(0,0,0),
(0,0,0),(0,0,0),(0,0,1),(0,0,0),(0,0,0),(0,0,0),
(0,0,0),(0,0,0),(0,0,0),(0,0,0),(0,0,0),(0,0,0),
}
{
(0,1,17),(1,1,6),(0,0,0),(0,0,0),(1,0,5),(2,2,18),
(1,0,114),(3,0,184),(47,46,109),(52,45,105),(28,0,189),(8,0,127),
(0,0,0),(0,0,5),(2,2,24),(2,3,25),(0,0,7),(0,0,1),
(0,0,0),(0,0,0),(0,0,0),(0,0,0),(0,0,0),(0,0,0),
}
{
(0,0,9),(2,6,29),(2,2,13),(0,1,10),(0,2,37),(0,0,13),
(3,0,56),(17,0,132),(30,0,200),(0,0,187),(0,0,131),(0,1,56),
(4,0,14),(3,0,8),(2,2,27),(3,4,37),(8,11,29),(4,3,19),
(0,0,0),(0,0,0),(0,0,0),(0,0,0),(0,0,0),(0,0,0),
}
{
(0,0,3),(0,0,38),(3,0,118),(0,0,122),(0,5,39),(0,0,5),
(0,0,0),(5,4,28),(13,0,156),(11,0,176),(12,12,35),(0,0,1),
(0,0,0),(0,0,0),(0,0,2),(0,0,2),(0,0,0),(0,0,0),
(0,0,0),(0,0,0),(0,0,0),(0,0,0),(0,0,0),(0,0,0),
}
{
(0,1,1),(1,5,2),(2,17,3),(12,41,13),(0,1,1),(0,1,0),
(3,10,4),(3,24,3),(0,64,1),(0,126,4),(13,50,15),(15,28,16),
(1,4,1),(0,67,1),(0,78,0),(0,128,2),(0,93,3),(5,19,5),
(1,2,1),(0,3,0),(1,15,1),(4,20,4),(0,1,0),(0,0,0),
}
{
(0,4,0),(1,8,1),(0,41,0),(0,50,2),(2,8,2),(7,14,7),
(3,14,3),(4,26,4),(0,91,6),(0,106,3),(0,80,1),(18,48,19),
(4,15,4),(2,65,0),(0,88,0),(0,142,2),(3,114,0),(9,27,9),
(0,1,0),(0,4,1),(1,33,1),(0,63,5),(0,4,0),(0,1,0),
}
{
(0,4,0),(0,3,0),(0,78,1),(0,111,3),(0,18,0),(1,11,2),
(3,10,2),(0,63,1),(0,99,4),(0,114,5),(0,116,0),(0,51,2),
(2,5,2),(2,77,0),(0,123,2),(0,135,0),(2,144,0),(13,49,14),
(1,19,1),(1,31,0),(0,58,0),(0,80,5),(0,21,0),(2,7,2),
}
{
(1,3,2),(11,27,13),(0,86,1),(0,85,7),(0,42,0),(4,20,5),
(23,44,24),(0,58,0),(0,72,3),(0,68,0),(2,152,0),(0,34,0),
(0,63,1),(0,111,0),(0,45,0),(1,72,0),(2,162,0),(0,113,1),
(10,15,10),(6,16,6),(0,51,4),(1,36,0),(0,68,3),(5,38,6),
}
{
(3,15,4),(0,92,1),(1,43,0),(1,40,0),(0,160,16),(0,120,8),
(2,35,3),(0,100,5),(0,55,0),(0,69,1),(0,169,2),(0,186,21),
(0,82,2),(0,145,2),(4,71,0),(2,87,0),(10,215,0),(0,181,3),
(12,35,15),(0,74,3),(4,26,4),(0,51,1),(0,107,8),(0,90,4),
}
{
(0,51,0),(0,77,8),(0,3,0),(0,7,0),(0,115,7),(0,146,4),
(0,62,0),(7,142,0),(1,10,0),(0,19,0),(2,168,0),(0,186,9),
(0,97,3),(4,147,0),(6,23,6),(1,22,0),(0,173,0),(0,172,5),
(0,49,5),(0,77,0),(0,1,0),(1,5,0),(22,77,22),(0,117,9),
}
{
(0,50,2),(0,58,0),(0,1,1),(0,4,0),(0,84,1),(0,149,4),
(0,86,5),(2,143,0),(0,8,0),(1,17,0),(0,171,0),(0,177,11),
(0,116,0),(2,146,0),(8,23,8),(1,21,0),(5,168,0),(0,178,0),
(0,49,3),(0,67,2),(0,1,0),(0,2,0),(0,81,5),(0,112,5),
}
{
(1,14,1),(0,73,3),(0,76,2),(0,66,2),(0,157,10),(0,116,5),
(0,46,0),(0,110,3),(0,53,3),(0,76,2),(0,181,3),(0,172,5),
(0,91,0),(0,138,0),(0,65,1),(1,78,0),(0,214,0),(0,188,0),
(9,43,10),(0,41,2),(1,29,1),(0,56,2),(0,90,4),(0,68,0),
}
{
(1,5,1),(5,17,6),(0,75,5),(0,72,2),(0,58,1),(3,27,3),
(19,31,19),(0,66,2),(0,72,4),(0,70,0),(0,155,0),(0,65,1),
(0,70,1),(3,99,0),(2,45,0),(0,67,0),(10,160,0),(2,124,0),
(2,8,3),(6,19,7),(9,56,10),(0,41,0),(0,66,4),(0,41,2),
}
{
(0,10,0),(1,5,1),(0,77,1),(0,110,7),(0,21,0),(3,11,2),
(5,12,5),(0,66,0),(0,102,1),(0,112,1),(0,122,2),(0,53,2),
(3,8,3),(0,87,0),(0,130,0),(0,132,4),(14,148,0),(0,58,0),
(0,12,0),(0,28,0),(0,56,3),(0,66,4),(1,19,2),(4,9,5),
}
{
(0,5,1),(0,15,1),(0,58,73),(0,66,40),(1,8,1),(6,10,6),
(5,16,5),(6,39,7),(0,98,32),(0,103,39),(0,84,4),(15,43,17),
(6,17,7),(0,76,0),(0,98,29),(0,137,13),(8,127,0),(11,39,11),
(0,1,1),(1,12,0),(1,47,30),(0,52,19),(0,5,0),(1,2,1),
}
{
(3,3,24),(0,9,57),(0,21,87),(0,43,82),(16,0,90),(4,1,24),
(4,9,10),(0,35,71),(0,54,148),(0,123,161),(0,57,101),(23,38,32),
(7,4,38),(0,65,84),(0,73,122),(0,133,128),(0,109,69),(19,29,34),
(9,10,24),(0,0,59),(21,42,40),(19,36,36),(4,7,37),(20,21,33),
}
{
(0,0,1),(5,0,54),(12,0,80),(19,0,117),(0,0,8),(0,0,0),
(0,0,0),(0,0,1),(22,0,89),(20,0,88),(0,0,1),(0,0,0),
(0,0,0),(0,0,0),(0,0,1),(0,0,2),(0,0,0),(0,0,0),
(0,0,0),(0,0,2),(0,0,0),(0,0,0),(0,0,1),(0,0,1),
}
{
(0,0,7),(8,0,72),(17,0,104),(40,0,150),(5,0,50),(0,0,12),
(0,0,0),(0,0,8),(19,0,108),(24,0,123),(0,0,8),(0,0,0),
(0,0,0),(0,0,0),(0,0,5),(0,0,7),(0,0,0),(0,0,0),
(0,0,0),(0,0,0),(0,0,0),(0,0,0),(0,0,0),(0,0,0),
}
{
(1,0,37),(9,0,78),(39,0,147),(17,0,117),(22,0,112),(0,0,39),
(0,0,0),(4,0,43),(33,0,156),(60,0,182),(7,0,46),(0,0,0),
(0,0,0),(0,0,1),(0,0,22),(0,0,25),(0,0,1),(0,0,0),
(0,0,0),(0,0,0),(0,0,0),(0,0,0),(0,0,0),(0,0,0),
}
{
(9,0,85),(37,0,126),(37,0,150),(45,0,151),(36,0,136),(12,0,94),
(11,0,78),(55,0,166),(87,0,218),(82,0,224),(64,0,168),(13,0,79),
(0,0,1),(0,0,27),(5,0,87),(9,0,93),(0,0,25),(0,0,0),
(0,0,0),(0,0,0),(0,0,2),(0,0,2),(0,0,0),(0,0,0),
}
{
(0,0,3),(1,0,52),(47,0,191),(80,0,220),(6,0,74),(0,0,7),
(0,0,5),(3,0,65),(66,0,223),(81,0,233),(6,0,74),(0,0,5),
(0,0,22),(9,0,69),(27,0,139),(29,0,136),(5,0,42),(0,0,5),
(6,0,36),(0,0,18),(13,0,61),(13,0,61),(2,0,19),(1,0,18),
}
{
(0,0,2),(4,0,58),(60,0,201),(70,0,212),(11,0,85),(0,0,5),
(0,0,3),(4,0,60),(84,0,220),(79,0,227),(5,0,64),(0,0,4),
(0,0,7),(2,0,59),(43,0,163),(46,0,163),(5,0,70),(0,0,9),
(0,0,9),(0,0,17),(0,0,29),(1,0,35),(2,0,32),(0,0,9),
}
{
(0,0,11),(26,0,120),(67,0,201),(52,0,185),(25,0,127),(1,0,19),
(0,0,2),(3,0,54),(69,0,208),(70,0,210),(4,0,54),(0,0,3),
(0,0,1),(0,0,22),(25,0,119),(44,0,149),(0,0,28),(0,0,1),
(0,0,4),(0,0,27),(6,0,52),(5,0,50),(0,0,19),(0,0,3),
}
{
(34,0,93),(26,0,115),(36,0,157),(34,0,147),(30,0,123),(20,0,80),
(12,0,54),(38,0,153),(73,0,231),(89,0,233),(38,0,155),(37,18,70),
(0,0,6),(1,0,47),(16,0,120),(19,0,118),(1,0,35),(0,0,2),
(0,0,1),(0,0,3),(0,0,9),(0,0,8),(0,0,2),(0,0,1),
}
{
(18,0,47),(32,0,108),(30,0,116),(31,0,111),(8,0,63),(10,9,36),
(13,12,36),(41,0,114),(79,0,208),(98,0,212),(43,0,130),(28,0,61),
(17,0,41),(36,0,116),(39,0,141),(37,0,132),(14,0,81),(38,0,57),
(20,0,29),(0,0,9),(0,0,11),(0,0,7),(0,0,3),(0,0,1),
}
{
(6,0,14),(13,0,39),(27,0,81),(15,0,70),(21,0,55),(3,0,9),
(29,23,50),(13,0,67),(71,0,179),(77,0,179),(19,0,74),(16,14,37),
(14,0,28),(31,0,83),(45,0,161),(56,0,169),(20,0,58),(14,1,22),
(11,0,28),(15,0,33),(6,0,66),(11,5,50),(8,0,17),(14,0,35),
}
{
(4,1,9),(7,1,27),(14,0,67),(14,0,53),(5,0,23),(0,0,1),
(11,5,19),(10,0,50),(49,0,140),(49,0,141),(15,0,47),(5,2,9),
(23,9,23),(9,0,51),(25,0,118),(38,0,136),(9,0,54),(21,1,30),
(2,0,6),(32,30,46),(5,0,22),(24,11,34),(21,17,29),(0,0,1),
}
{
(1,1,3),(14,14,30),(13,15,47),(4,6,30),(20,20,29),(1,0,2),
(10,8,15),(12,12,29),(3,0,109),(2,0,124),(22,22,47),(15,12,19),
(5,3,11),(24,24,54),(0,3,115),(0,9,119),(17,16,39),(1,2,7),
(11,10,16),(11,11,19),(0,0,12),(10,9,25),(1,1,7),(1,1,6),
}
{
(5,5,8),(2,2,12),(7,13,40),(1,5,24),(23,23,32),(0,0,2),
(4,4,9),(17,17,37),(0,15,91),(0,34,103),(14,16,35),(4,4,9),
(2,6,3),(30,34,49),(0,16,84),(0,28,86),(26,32,39),(17,19,23),
(4,4,7),(9,11,21),(4,9,16),(2,3,13),(20,20,27),(11,12,18),
}
{
(8,16,12),(3,20,13),(0,55,40),(0,50,33),(3,31,11),(22,39,29),
(1,6,5),(0,62,21),(0,81,106),(0,99,105),(0,75,18),(4,27,6),
(7,24,15),(0,130,17),(0,114,100),(0,110,108),(0,149,22),(0,62,5),
(18,53,29),(15,49,27),(9,30,17),(6,41,20),(0,43,10),(22,43,23),
}
{
(0,2,3),(20,26,30),(11,35,46),(20,42,56),(2,20,8),(10,15,20),
(12,17,18),(14,38,27),(0,38,109),(0,36,104),(0,78,27),(25,47,31),
(8,29,20),(0,86,24),(0,73,87),(0,55,98),(0,115,21),(4,33,10),
(9,22,13),(21,39,30),(2,9,10),(0,11,11),(20,50,26),(1,13,1),
}
{
(1,35,0),(1,57,0),(0,66,1),(0,14,0),(0,38,0),(0,31,0),
(0,82,0),(0,154,10),(0,179,14),(0,201,16),(2,143,0),(3,110,0),
(3,104,0),(4,130,0),(0,87,0),(5,109,0),(0,176,17),(0,160,2),
(0,4,0),(0,8,0),(0,5,0),(0,7,0),(0,18,0),(0,13,0),
}
{
(0,54,0),(0,106,1),(0,71,1),(0,144,4),(0,136,11),(0,88,1),
(0,85,1),(2,136,0),(0,136,2),(0,121,4),(0,199,6),(0,183,6),
(4,37,4),(1,88,0),(4,53,0),(6,47,1),(5,112,0),(5,76,0),
(0,1,0),(0,3,0),(0,2,0),(0,1,0),(0,3,0),(0,3,0),
}
{
(0,0,0),(0,0,0),(0,0,0),(0,0,0),(0,0,0),(0,0,0),
(0,0,0),(0,0,0),(0,0,0),(0,0,0),(0,0,0),(0,0,0),
(0,0,1),(0,0,0),(0,0,0),(0,0,1),(0,0,0),(0,0,0),
(0,0,0),(0,0,0),(0,0,0),(0,0,1),(0,0,0),(0,0,0),
}
{
(0,0,0),(0,8,0),(0,29,0),(3,13,0),(0,5,0),(0,0,0),
(0,0,0),(0,2,0),(4,65,0),(20,61,0),(0,6,0),(0,0,0),
(3,0,1),(0,0,0),(17,0,0),(39,0,3),(0,0,0),(0,0,0),
(0,0,0),(1,0,0),(8,0,0),(1,0,0),(0,0,0),(0,0,0),
}
{
(0,0,0),(0,1,0),(19,0,0),(83,0,1),(6,0,0),(16,0,0),
(21,0,0),(44,0,0),(129,19,0),(113,18,0),(82,0,0),(27,0,0),
(104,0,1),(176,0,0),(191,85,0),(57,118,0),(34,18,0),(0,1,0),
(10,0,0),(16,5,0),(109,16,0),(52,27,0),(9,6,1),(0,0,0),
}
{
(1,0,1),(13,0,0),(26,0,0),(49,0,0),(13,0,0),(21,0,0),
(64,0,1),(79,3,0),(81,31,0),(90,34,0),(93,6,0),(77,0,0),
(148,0,0),(218,0,10),(171,59,0),(79,72,0),(58,12,0),(28,0,1),
(57,0,0),(104,0,3),(92,6,0),(0,7,0),(10,0,0),(0,0,0),
}
{
(23,0,0),(2,0,0),(20,12,0),(8,18,0),(75,0,1),(6,0,0),
(82,0,1),(65,0,2),(25,47,0),(71,52,0),(104,0,6),(49,0,0),
(132,0,4),(209,0,27),(159,0,10),(51,0,2),(57,0,3),(37,0,1),
(78,0,1),(82,0,2),(12,0,0),(0,0,0),(11,0,0),(5,0,0),
}
{
(0,0,0),(13,1,0),(69,36,0),(6,43,0),(25,1,0),(11,0,0),
(42,0,0),(36,3,0),(64,90,0),(137,86,0),(92,6,0),(20,0,0),
(131,0,2),(194,0,16),(136,0,11),(45,0,0),(58,0,3),(58,0,3),
(55,0,1),(97,0,4),(2,0,0),(0,0,0),(1,0,0),(3,0,0),
}
{
(0,0,0),(12,0,0),(34,7,0),(50,10,0),(6,0,0),(1,0,0),
(31,0,0),(50,1,0),(72,74,0),(112,61,0),(10,0,0),(10,0,0),
(66,0,1),(163,0,0),(152,169,0),(50,179,0),(66,3,0),(69,0,4),
(73,0,0),(82,28,0),(88,83,0),(2,75,0),(1,29,0),(5,0,0),
}
{
(0,0,0),(12,0,0),(46,1,0),(20,4,0),(4,0,0),(0,0,0),
(22,0,0),(39,1,0),(82,43,0),(78,45,0),(4,8,0),(12,0,0),
(65,0,1),(149,0,2),(197,3,0),(72,32,0),(66,6,0),(93,0,3),
(0,0,0),(61,0,0),(85,0,7),(62,0,0),(4,0,0),(4,0,0),
}
{
(5,0,0),(20,0,0),(54,6,0),(11,14,0),(5,0,0),(86,0,1),
(24,0,0),(35,3,0),(111,62,0),(81,62,0),(18,12,0),(161,0,10),
(51,0,0),(102,1,0),(155,64,0),(127,46,0),(89,16,0),(166,0,22),
(0,0,0),(15,4,0),(35,5,0),(35,0,0),(32,0,0),(22,0,0),
}
{
(18,0,0),(41,0,0),(75,22,0),(115,28,0),(159,0,0),(54,0,0),
(53,0,1),(50,0,1),(121,42,0),(157,20,0),(199,0,13),(163,0,13),
(41,0,1),(87,0,2),(124,55,0),(173,54,0),(193,0,45),(195,0,32),
(0,0,0),(26,0,0),(4,44,0),(44,33,0),(66,0,2),(158,0,2),
}
{
(64,0,0),(74,0,0),(123,0,0),(99,0,0),(76,0,0),(13,0,0),
(108,0,1),(76,0,0),(139,18,0),(176,26,0),(179,0,5),(27,0,0),
(76,0,8),(99,0,1),(151,20,0),(212,21,0),(224,0,52),(63,0,5),
(0,0,0),(30,0,0),(61,4,0),(89,0,1),(98,0,1),(24,0,0),
}
{
(28,14,0),(41,37,0),(52,39,0),(55,5,0),(1,24,0),(0,21,0),
(51,79,0),(60,125,0),(58,141,0),(31,158,0),(6,131,0),(0,97,0),
(32,89,0),(51,114,0),(41,86,0),(161,59,0),(47,159,0),(0,151,0),
(1,3,0),(5,7,0),(2,5,0),(39,2,0),(17,12,0),(0,8,0),
}
{
(0,49,4),(0,78,5),(0,106,1),(0,122,2),(0,108,1),(0,85,1),
(0,104,12),(0,148,4),(0,124,0),(0,161,8),(0,211,3),(0,151,7),
(3,18,3),(0,90,0),(4,45,0),(2,42,0),(7,116,0),(0,45,0),
(0,0,0),(0,1,0),(1,1,0),(1,1,0),(1,3,0),(0,1,0),
}
{
(0,0,0),(0,0,0),(0,0,0),(0,0,0),(0,0,0),(0,0,0),
(0,0,0),(0,0,0),(0,0,0),(0,0,0),(0,0,0),(0,0,0),
(0,0,0),(0,0,0),(0,0,0),(0,0,0),(0,0,0),(0,0,0),
(0,0,0),(0,0,0),(0,0,0),(0,0,0),(0,0,0),(0,0,0),
}
{
(0,0,0),(0,0,10),(0,2,52),(0,2,55),(0,0,11),(0,0,0),
(0,0,0),(0,0,0),(9,0,80),(7,0,92),(0,0,0),(0,0,0),
(0,0,0),(0,0,0),(0,0,0),(0,0,0),(0,0,0),(0,0,0),
(0,0,0),(0,0,0),(0,0,0),(0,0,0),(0,0,0),(0,0,0),
}
{
(0,0,0),(0,0,5),(0,0,9),(0,0,3),(0,0,6),(0,0,0),
(0,0,2),(2,0,39),(46,0,126),(50,0,120),(8,0,53),(0,0,7),
(0,0,3),(0,0,5),(0,0,1),(0,0,2),(0,0,6),(0,0,2),
(0,0,0),(0,0,0),(0,0,0),(0,0,0),(0,0,0),(0,0,0),
}
{
(0,0,0),(0,0,0),(0,0,0),(0,0,0),(0,0,0),(0,0,0),
(0,0,0),(0,0,2),(18,0,37),(22,0,44),(0,0,7),(0,0,0),
(0,0,1),(7,0,27),(133,0,174),(149,0,195),(10,0,51),(0,0,2),
(0,0,0),(1,0,11),(33,0,56),(45,0,76),(1,0,14),(0,0,0),
}
{
(0,0,0),(0,0,0),(0,0,0),(0,0,0),(0,0,0),(0,0,0),
(0,0,0),(9,0,8),(40,0,37),(38,0,32),(16,0,4),(1,0,0),
(0,0,1),(12,0,26),(108,0,138),(139,0,161),(19,0,18),(0,0,0),
(0,0,0),(1,0,6),(13,0,35),(19,0,40),(2,0,4),(0,0,0),
}
{
(0,0,0),(1,3,2),(3,0,19),(0,0,4),(1,1,1),(0,0,0),
(0,0,0),(3,7,6),(21,0,75),(58,46,77),(2,10,3),(0,0,0),
(0,0,0),(0,2,3),(0,12,37),(4,6,19),(0,2,0),(0,0,0),
(0,0,0),(0,0,1),(0,0,0),(0,0,0),(0,0,0),(0,0,0),
}
{
(0,0,0),(0,1,1),(2,10,31),(11,6,41),(0,1,0),(0,0,0),
(0,0,0),(0,0,0),(0,23,74),(0,33,72),(0,0,0),(0,0,0),
(0,0,0),(0,0,0),(0,0,0),(0,0,1),(0,0,0),(0,0,0),
(0,0,0),(0,0,0),(0,0,0),(0,0,0),(0,0,0),(0,0,0),
}
{
(0,0,0),(0,0,10),(8,0,77),(22,0,91),(0,0,16),(0,0,0),
(0,0,0),(0,0,5),(46,0,140),(50,0,139),(0,0,7),(0,0,0),
(0,0,0),(0,0,0),(0,0,0),(0,0,1),(0,0,0),(0,0,0),
(0,0,0),(0,0,0),(0,0,0),(0,0,0),(0,0,0),(0,0,0),
}
{
(0,31,0),(0,105,0),(0,153,2),(0,52,2),(1,33,0),(0,25,0),
(1,39,0),(1,72,0),(0,134,4),(0,200,26),(2,161,0),(4,131,0),
(0,100,0),(4,131,0),(1,50,0),(2,64,0),(0,199,6),(2,164,0),
(0,4,0),(0,9,0),(0,4,0),(0,8,0),(0,29,0),(0,21,0),
}
{
(0,11,0),(0,29,0),(0,22,0),(0,6,0),(0,8,0),(1,8,1),
(0,67,1),(0,70,1),(0,101,3),(0,99,0),(0,94,0),(0,58,0),
(1,59,0),(0,109,5),(3,97,0),(5,110,0),(0,158,7),(6,132,0),
(0,0,0),(0,4,0),(0,4,0),(0,4,0),(0,7,0),(0,4,0),
}
{
(0,47,2),(0,72,0),(0,149,19),(0,173,37),(0,141,9),(0,111,1),
(0,99,11),(0,141,11),(0,181,69),(0,182,72),(0,217,18),(0,158,5),
(5,32,10),(0,107,23),(0,85,36),(0,84,36),(0,135,27),(0,64,6),
(0,2,0),(0,8,0),(0,4,0),(0,6,0),(0,11,0),(0,6,1),
}
{
(0,0,0),(0,0,10),(2,3,9),(0,1,5),(0,0,8),(0,0,0),
(0,0,0),(0,2,2),(0,23,62),(11,22,61),(0,3,2),(0,0,0),
(0,0,0),(0,0,1),(17,28,54),(0,16,100),(0,0,5),(0,0,0),
(0,0,0),(0,0,1),(5,9,20),(6,9,23),(0,0,2),(0,0,0),
}
{
(0,0,0),(0,1,0),(0,4,0),(0,2,0),(0,0,0),(0,0,0),
(0,0,0),(0,2,0),(5,40,0),(14,38,0),(0,0,0),(0,0,0),
(0,0,0),(0,6,0),(10,53,0),(20,56,0),(1,16,1),(0,0,0),
(0,0,0),(0,3,0),(0,2,0),(0,1,0),(0,2,0),(0,0,0),
}
{
(0,0,0),(0,0,0),(0,4,0),(0,3,0),(0,0,0),(0,0,0),
(0,0,0),(0,4,0),(0,50,0),(1,38,0),(0,4,0),(0,0,0),
(0,0,0),(0,8,0),(1,24,1),(1,16,0),(0,4,0),(0,0,0),
(0,0,0),(0,0,0),(0,0,0),(0,0,0),(0,0,0),(0,0,0),
}
{
(2,164,0),(0,209,0),(0,139,2),(4,148,0),(0,234,19),(0,248,45),
(0,236,23),(0,248,53),(0,110,1),(1,101,0),(0,247,28),(0,247,57),
(0,41,0),(0,124,0),(7,41,6),(1,50,0),(2,171,0),(1,111,0),
(0,1,0),(0,8,0),(0,2,0),(0,3,0),(0,11,0),(0,6,0),
}
{
(0,151,12),(0,137,11),(0,10,0),(0,9,0),(0,126,8),(0,194,19),
(0,115,7),(9,184,0),(1,27,0),(1,30,0),(27,180,0),(0,177,2),
(1,30,0),(1,112,0),(1,31,0),(1,31,0),(4,140,0),(2,77,0),
(0,1,0),(0,6,0),(0,2,0),(0,2,0),(0,9,0),(0,5,0),
}
{
(1,7,2),(3,17,5),(2,14,2),(3,22,5),(2,29,2),(2,19,3),
(10,16,11),(13,22,14),(12,9,7),(13,16,9),(22,28,15),(16,33,17),
(1,2,1),(9,15,10),(0,0,0),(0,0,0),(12,17,12),(5,8,5),
(0,0,0),(0,0,0),(0,0,0),(0,0,0),(0,0,0),(0,0,0),
}
{
(0,0,0),(16,0,0),(29,0,0),(25,0,0),(30,0,0),(4,0,0),
(6,0,0),(51,0,0),(137,0,6),(137,0,13),(83,0,0),(11,0,0),
(5,0,0),(49,0,0),(99,0,1),(110,0,3),(70,0,0),(7,0,0),
(0,0,0),(7,0,0),(0,0,0),(0,0,0),(12,0,0),(3,0,0),
}
{
(0,0,0),(0,0,0),(97,0,12),(114,0,9),(0,0,0),(0,0,0),
(0,0,0),(0,0,0),(95,0,12),(86,0,8),(0,0,0),(0,0,0),
(0,0,0),(0,0,0),(67,0,0),(90,0,16),(0,0,0),(0,0,0),
(0,0,0),(0,0,0),(129,0,4),(156,0,7),(8,0,0),(0,0,0),
}
{
(82,0,0),(207,0,6),(231,0,26),(224,0,18),(190,0,3),(71,0,0),
(1,4,0),(70,0,4),(206,0,51),(202,0,16),(81,0,4),(3,9,0),
(0,0,0),(3,15,1),(39,0,0),(31,0,0),(13,28,14),(0,0,0),
(0,0,0),(0,0,0),(0,0,0),(0,0,0),(0,0,0),(0,0,0),
}
{
(6,77,0),(38,106,0),(184,42,0),(195,42,0),(46,122,0),(2,134,0),
(5,79,0),(23,201,0),(191,76,0),(201,70,0),(60,174,0),(0,172,2),
(7,47,0),(72,140,0),(165,90,0),(182,66,0),(107,137,0),(4,95,0),
(2,0,0),(38,1,0),(22,0,0),(21,0,0),(35,1,0),(1,1,0),
}
{
(1,112,0),(0,147,0),(100,35,0),(45,90,0),(0,202,13),(0,199,16),
(0,86,2),(0,193,12),(80,86,0),(72,136,0),(0,233,38),(0,186,9),
(1,59,0),(0,201,10),(65,158,0),(45,159,0),(0,221,11),(0,177,5),
(0,20,0),(1,31,0),(7,150,0),(49,165,0),(0,55,0),(1,27,0),
}
{
(0,63,5),(1,59,0),(151,0,15),(156,0,0),(0,119,1),(0,159,2),
(0,51,0),(0,162,0),(95,0,0),(93,4,0),(0,190,19),(0,194,9),
(0,75,0),(12,155,0),(139,0,6),(122,4,0),(70,176,0),(0,189,15),
(3,23,2),(93,43,0),(79,0,2),(47,1,0),(85,43,0),(7,70,0),
}
{
(0,195,3),(14,107,0),(163,0,8),(170,0,0),(69,92,0),(0,241,28),
(0,240,12),(45,197,0),(164,0,19),(198,0,6),(171,171,0),(0,247,20),
(52,85,0),(171,85,0),(126,0,2),(100,10,0),(135,145,0),(25,141,0),
(40,0,0),(107,0,0),(5,0,0),(1,2,0),(67,13,0),(9,15,0),
}
{
(0,168,2),(0,170,2),(17,119,0),(5,161,0),(0,212,17),(0,241,48),
(0,139,6),(0,236,47),(2,178,0),(0,199,0),(0,250,29),(0,241,16),
(0,39,0),(0,121,0),(0,47,0),(1,50,0),(5,164,0),(0,106,0),
(0,1,0),(0,5,0),(0,3,0),(0,5,0),(0,16,0),(0,10,0),
}
{
(0,90,12),(1,96,0),(104,0,0),(83,5,0),(0,122,0),(0,186,21),
(0,67,0),(0,201,13),(56,3,0),(44,24,0),(0,189,15),(0,197,6),
(1,63,0),(0,192,6),(8,35,6),(1,35,0),(0,191,12),(0,180,12),
(0,29,0),(0,71,3),(0,7,0),(0,10,0),(0,123,18),(1,71,0),
}
{
(6,132,0),(81,64,0),(168,0,5),(158,0,5),(68,91,0),(0,227,22),
(0,77,0),(29,176,0),(182,0,12),(181,0,3),(24,161,0),(0,199,9),
(0,61,0),(0,182,6),(10,23,3),(6,24,0),(0,179,5),(0,179,11),
(0,68,1),(0,87,8),(0,3,0),(0,5,0),(0,47,0),(0,179,17),
}
{
(9,119,0),(62,96,0),(132,0,4),(144,0,2),(93,75,0),(0,210,7),
(3,100,0),(61,185,0),(192,0,16),(193,0,0),(63,165,0),(0,217,25),
(0,179,11),(0,201,10),(10,22,0),(9,27,0),(0,186,3),(0,207,13),
(0,171,8),(0,84,4),(0,3,0),(0,5,0),(0,70,3),(0,220,33),
}
{
(19,0,0),(86,1,0),(138,0,2),(152,0,2),(54,24,0),(20,5,0),
(3,0,0),(57,1,0),(179,0,17),(186,0,15),(62,8,0),(5,0,0),
(0,0,0),(0,0,0),(8,0,0),(8,0,0),(0,1,0),(0,0,0),
(0,0,0),(0,0,0),(0,0,0),(0,0,0),(0,0,0),(0,0,0),
}
{
(18,15,5),(63,87,0),(146,0,4),(147,0,4),(83,66,0),(11,112,0),
(0,0,0),(65,112,0),(179,0,20),(187,0,18),(70,125,0),(6,22,4),
(0,0,0),(14,25,13),(8,0,0),(8,0,0),(2,18,1),(0,2,0),
(0,0,0),(0,0,0),(0,0,0),(0,0,0),(0,0,0),(0,0,0),
}
{
(5,158,0),(73,90,0),(150,0,2),(165,0,2),(73,66,0),(0,240,20),
(0,128,6),(39,183,0),(177,0,11),(185,0,6),(57,157,0),(0,239,19),
(0,46,0),(1,81,0),(10,13,1),(8,10,0),(7,112,0),(0,80,1),
(1,1,1),(0,2,0),(0,0,0),(0,0,0),(0,4,0),(0,2,0),
}
{
(0,144,2),(0,212,3),(3,101,0),(0,169,0),(0,246,32),(0,233,27),
(0,114,7),(0,232,30),(0,173,0),(0,199,19),(0,244,16),(0,214,14),
(0,85,0),(0,136,2),(1,108,0),(0,151,20),(0,189,0),(0,144,4),
(0,1,0),(0,5,0),(0,3,0),(0,9,0),(0,23,0),(0,12,0),
}
{
(4,95,0),(29,147,0),(0,180,0),(0,228,15),(0,235,11),(0,200,13),
(0,168,5),(0,226,18),(28,168,0),(8,166,0),(0,235,0),(0,233,38),
(0,20,0),(0,115,1),(1,45,0),(1,55,0),(7,152,0),(2,73,0),
(0,1,0),(0,6,0),(0,5,0),(0,8,0),(0,14,0),(0,7,0),
}
{
(3,102,0),(60,129,0),(128,151,0),(138,177,0),(27,204,0),(0,204,6),
(0,150,5),(0,212,17),(138,163,0),(151,185,0),(0,239,23),(0,214,35),
(0,26,0),(0,103,6),(4,55,0),(4,60,0),(11,142,0),(3,71,0),
(0,1,0),(0,5,0),(0,3,0),(0,7,0),(0,11,0),(0,5,0),
}
{
(3,109,0),(68,111,0),(154,128,0),(144,170,0),(57,171,0),(0,185,0),
(0,142,2),(0,196,3),(178,163,0),(196,179,0),(22,221,0),(0,214,21),
(1,26,1),(0,107,3),(23,53,5),(15,56,0),(13,139,0),(4,64,0),
(0,1,0),(0,3,0),(0,3,0),(0,5,0),(0,9,0),(0,3,0),
}
{
(1,29,0),(8,32,0),(1,67,0),(2,73,0),(1,74,0),(0,78,0),
(0,83,2),(0,129,8),(1,82,0),(12,97,0),(0,164,13),(0,146,19),
(0,12,1),(0,64,5),(0,3,0),(0,2,0),(0,66,0),(14,35,14),
(0,0,0),(0,0,0),(0,0,0),(0,1,0),(0,1,0),(0,0,0),
}
{
(0,0,0),(16,0,0),(40,0,1),(26,0,0),(15,0,0),(0,0,0),
(0,0,0),(0,0,0),(38,0,6),(27,0,1),(0,0,0),(0,0,0),
(0,0,0),(0,0,0),(0,0,0),(0,0,0),(0,0,0),(0,0,0),
(0,0,0),(0,0,0),(0,0,0),(0,0,0),(0,0,0),(0,0,0),
}
{
(0,0,0),(22,0,0),(166,0,11),(169,0,5),(37,0,0),(4,0,0),
(0,0,0),(14,0,0),(137,0,27),(165,0,24),(33,0,0),(8,0,0),
(0,0,0),(0,0,0),(7,0,0),(8,0,0),(0,0,0),(0,0,0),
(0,0,0),(0,0,0),(0,0,0),(0,0,0),(0,0,0),(0,0,0),
}
{
(0,0,0),(10,0,0),(140,0,9),(152,0,10),(8,0,0),(0,0,0),
(6,0,0),(44,0,0),(147,0,22),(157,0,18),(43,0,0),(10,0,0),
(7,0,0),(54,0,0),(180,0,12),(193,0,19),(67,0,0),(17,0,0),
(2,0,0),(27,0,0),(60,0,1),(66,0,1),(34,0,0),(4,0,0),
}
{
(2,80,0),(0,46,0),(0,0,0),(0,1,0),(0,88,0),(0,182,6),
(3,107,0),(0,174,5),(0,7,0),(0,8,0),(0,179,14),(0,215,7),
(2,153,0),(0,161,13),(11,18,10),(0,9,0),(0,136,15),(0,225,15),
(0,42,0),(0,11,1),(0,0,0),(0,0,0),(1,17,2),(0,35,0),
}
{
(0,40,0),(3,117,0),(0,33,0),(1,31,0),(0,198,0),(2,121,0),
(2,75,0),(0,208,10),(0,46,3),(1,32,0),(0,238,39),(0,184,6),
(4,131,0),(0,179,11),(11,21,11),(0,13,0),(0,162,13),(0,211,10),
(1,24,0),(0,52,1),(0,0,0),(1,16,0),(0,5,0),(0,76,3),
}
{
(0,12,0),(1,50,0),(0,66,3),(0,121,8),(3,95,0),(1,68,0),
(0,21,0),(0,155,0),(0,90,1),(0,118,0),(0,211,10),(3,106,0),
(1,80,0),(0,95,4),(0,54,0),(1,66,0),(0,138,11),(0,155,2),
(0,0,0),(3,15,4),(0,0,0),(0,0,0),(7,42,14),(0,25,0),
}
{
(0,13,0),(2,62,0),(3,101,0),(2,87,0),(3,102,0),(1,68,0),
(0,18,0),(0,146,0),(0,163,2),(0,211,7),(0,212,7),(1,101,0),
(0,44,0),(0,91,6),(0,218,7),(0,178,11),(0,154,17),(0,103,1),
(0,0,0),(0,12,0),(2,67,0),(3,93,0),(0,102,1),(0,1,0),
}
{
(0,32,0),(10,106,0),(10,103,0),(2,57,0),(3,110,0),(2,80,0),
(1,24,0),(4,143,0),(24,185,0),(12,127,0),(0,213,3),(0,108,0),
(6,25,6),(0,72,0),(5,174,0),(0,234,11),(0,123,8),(0,69,1),
(1,7,1),(0,12,0),(1,113,0),(4,120,0),(0,64,2),(0,3,0),
}
{
(0,8,1),(0,37,0),(2,30,2),(6,24,7),(1,74,0),(1,50,0),
(0,9,0),(0,106,0),(1,44,0),(0,38,0),(2,159,0),(1,81,0),
(2,8,2),(1,67,0),(0,172,0),(0,166,0),(0,116,9),(0,36,0),
(0,0,0),(1,22,0),(4,90,0),(1,71,0),(0,59,0),(0,7,0),
}
{
(3,16,3),(2,29,2),(2,23,2),(0,40,0),(1,57,0),(0,52,0),
(2,13,3),(0,84,0),(0,52,0),(0,59,4),(0,151,0),(0,76,0),
(3,8,3),(1,84,0),(0,77,0),(0,96,0),(0,169,5),(0,65,1),
(0,1,1),(8,26,8),(1,34,0),(1,40,0),(3,65,0),(0,8,0),
}
{
(1,1,0),(29,18,5),(20,28,3),(69,25,0),(94,39,0),(13,38,0),
(1,3,2),(2,37,0),(63,65,0),(126,77,0),(15,155,0),(2,66,0),
(0,0,0),(1,17,0),(15,71,0),(18,120,0),(0,175,2),(0,53,0),
(0,0,0),(0,0,0),(2,59,0),(0,49,0),(2,61,0),(0,18,0),
}
{
(0,0,0),(5,0,44),(0,0,13),(0,0,7),(12,0,67),(0,0,5),
(0,0,0),(0,0,3),(0,0,19),(0,0,18),(0,0,11),(0,0,0),
(0,0,0),(1,0,7),(0,0,4),(0,0,0),(2,0,13),(0,0,3),
(0,0,0),(0,0,0),(0,0,0),(0,0,0),(0,0,0),(0,0,0),
}
{
(0,0,0),(7,0,49),(0,0,14),(0,0,4),(6,0,45),(0,0,5),
(0,0,0),(0,0,12),(0,0,17),(0,0,18),(0,0,8),(0,0,0),
(0,0,0),(1,0,8),(0,0,4),(0,0,0),(1,0,13),(0,0,2),
(0,0,0),(0,0,0),(0,0,0),(0,0,0),(0,0,0),(0,0,0),
}
{
(0,0,3),(6,0,53),(0,0,39),(0,0,31),(36,0,130),(0,0,12),
(0,0,4),(0,0,51),(20,0,134),(30,0,150),(14,0,111),(0,0,17),
(22,0,132),(76,0,218),(154,0,244),(154,0,244),(83,0,219),(29,0,138),
(0,0,27),(8,0,98),(45,0,180),(36,0,170),(5,0,86),(0,0,21),
}
{
(0,0,4),(9,0,68),(0,0,49),(0,0,31),(7,0,61),(0,0,9),
(0,0,7),(0,0,61),(28,0,142),(35,0,153),(2,0,80),(0,0,15),
(25,0,139),(78,0,213),(154,0,244),(149,0,243),(77,0,212),(19,0,127),
(1,0,60),(12,0,125),(46,0,185),(37,0,173),(9,0,111),(0,0,44),
}
{
(0,0,5),(7,0,66),(0,0,44),(0,0,23),(11,0,69),(0,0,9),
(0,0,5),(0,0,55),(28,0,144),(29,0,148),(1,0,75),(0,0,13),
(40,0,151),(86,0,215),(162,0,244),(158,0,244),(95,0,221),(26,0,130),
(0,0,38),(10,0,106),(49,0,185),(41,0,176),(6,0,96),(0,0,29),
}
{
(0,0,2),(6,0,52),(0,0,28),(0,0,9),(5,0,43),(0,0,3),
(0,0,1),(0,0,40),(7,0,92),(11,0,96),(0,0,53),(0,0,5),
(0,0,57),(22,0,147),(112,0,233),(102,0,213),(28,0,156),(1,0,58),
(0,0,22),(3,0,90),(22,0,150),(17,0,114),(3,0,76),(0,0,11),
}
{
(0,0,32),(14,0,98),(2,0,69),(0,0,45),(17,0,96),(2,0,57),
(13,0,118),(48,0,180),(69,0,209),(80,0,201),(77,0,212),(24,0,144),
(22,0,147),(80,0,220),(146,0,244),(158,0,244),(83,0,219),(14,0,128),
(0,0,15),(3,0,47),(16,0,100),(14,0,110),(2,0,60),(0,0,21),
}
{
(29,0,161),(95,0,230),(132,0,241),(123,0,239),(92,0,231),(25,0,150),
(8,0,75),(52,0,166),(116,0,233),(122,0,238),(69,0,189),(12,0,93),
(0,0,4),(1,0,47),(15,0,117),(18,0,124),(5,0,59),(0,0,12),
(0,0,0),(0,0,2),(0,0,9),(0,0,8),(0,0,2),(0,0,0),
}
{
(2,0,57),(35,0,163),(101,0,235),(110,0,236),(60,0,192),(1,0,68),
(0,0,6),(16,0,100),(106,0,221),(121,0,227),(19,0,115),(0,0,15),
(0,0,0),(0,0,26),(4,0,69),(3,0,75),(3,0,38),(0,0,6),
(0,0,0),(0,0,1),(0,0,3),(0,0,2),(0,0,1),(0,0,0),
}
{
(0,0,20),(39,0,169),(73,0,220),(63,0,212),(51,0,180),(3,0,49),
(0,0,1),(4,0,51),(93,0,200),(107,0,208),(4,0,66),(0,0,4),
(0,0,0),(0,0,15),(1,0,41),(0,0,44),(3,0,28),(0,0,4),
(0,0,0),(0,0,0),(0,0,1),(0,0,0),(0,0,0),(0,0,0),
}
{
(0,0,9),(13,0,103),(33,0,168),(21,0,145),(16,0,100),(0,0,10),
(0,0,1),(0,0,23),(47,0,157),(55,0,166),(0,0,30),(0,0,1),
(0,0,0),(0,0,8),(0,0,13),(0,0,11),(2,0,16),(0,0,3),
(0,0,0),(0,0,0),(0,0,0),(0,0,0),(0,0,0),(0,0,0),
}
{
(0,0,5),(14,0,107),(44,0,191),(40,0,187),(4,0,126),(0,63,15),
(0,30,1),(0,45,45),(51,0,170),(56,0,188),(0,60,48),(0,133,13),
(0,0,0),(3,26,16),(0,9,18),(0,0,19),(4,16,21),(6,14,11),
(0,0,0),(0,0,0),(0,0,0),(0,0,0),(0,0,0),(0,0,0),
}
{
(0,3,52),(0,15,159),(9,0,199),(0,33,198),(0,78,169),(0,58,100),
(1,22,6),(0,98,81),(28,0,213),(29,0,218),(0,184,101),(0,97,16),
(0,0,0),(2,18,20),(6,7,42),(0,2,38),(12,40,41),(5,13,10),
(0,0,0),(0,0,0),(0,0,0),(0,0,0),(0,0,0),(0,0,0),
}
{
(0,12,69),(0,11,170),(51,0,221),(21,0,214),(0,72,167),(0,47,71),
(0,12,84),(0,64,193),(89,0,244),(113,0,244),(0,155,207),(0,52,102),
(6,0,66),(0,7,76),(7,0,95),(11,0,95),(0,19,73),(0,0,51),
(0,0,0),(0,0,0),(0,0,2),(0,0,1),(0,0,0),(0,0,0),
}
{
(0,7,3),(0,23,70),(0,12,41),(0,44,29),(0,76,87),(0,35,21),
(0,6,6),(0,82,56),(0,21,119),(0,17,128),(0,185,80),(0,43,15),
(13,0,116),(35,0,193),(128,0,240),(141,0,243),(27,0,185),(10,0,106),
(0,0,6),(3,0,79),(38,0,179),(32,0,162),(3,0,72),(0,0,8),
}
{
(17,12,21),(81,0,152),(77,21,118),(115,0,40),(183,0,128),(58,21,42),
(7,5,9),(45,34,62),(134,0,93),(189,0,85),(109,30,136),(32,21,34),
(2,2,5),(43,37,54),(61,33,54),(68,16,47),(40,25,40),(13,9,15),
(0,0,0),(2,1,5),(4,2,5),(7,3,7),(1,0,2),(0,0,0),
}
{
(0,9,79),(0,84,230),(0,22,224),(46,0,230),(0,46,200),(0,11,87),
(0,2,35),(0,29,135),(6,0,202),(0,0,211),(0,35,164),(0,14,88),
(0,0,8),(0,6,68),(0,3,107),(0,3,97),(0,4,61),(0,0,14),
(0,0,0),(0,0,8),(0,0,15),(0,0,8),(0,0,2),(0,0,0),
}
{
(0,0,5),(0,26,94),(0,16,64),(0,45,94),(0,84,123),(0,57,29),
(0,0,4),(0,21,86),(0,49,142),(0,140,130),(0,121,128),(0,24,25),
(0,0,0),(0,4,36),(0,19,70),(0,45,65),(0,25,43),(0,11,31),
(0,0,0),(0,0,6),(0,2,18),(0,2,11),(0,0,2),(0,0,6),
}
{
(0,0,11),(0,36,122),(0,57,157),(0,112,147),(0,149,236),(0,80,200),
(0,0,3),(0,6,37),(0,34,91),(0,151,168),(0,87,194),(0,33,105),
(0,0,4),(0,0,7),(0,6,26),(0,44,93),(0,22,68),(0,5,35),
(0,0,0),(0,0,0),(0,0,5),(0,0,11),(0,0,9),(0,0,2),
}
{
(0,7,33),(0,89,207),(0,131,193),(0,202,134),(0,102,153),(0,16,33),
(0,8,35),(0,65,156),(0,169,192),(0,174,174),(0,59,99),(0,10,28),
(0,1,10),(0,25,69),(0,72,80),(0,64,72),(0,34,76),(0,5,22),
(0,0,2),(0,2,13),(0,7,17),(0,4,8),(0,1,6),(0,0,1),
}
{
(40,60,56),(0,94,211),(0,93,215),(0,48,138),(0,54,162),(0,5,39),
(0,19,37),(0,84,140),(0,146,187),(0,67,177),(0,39,133),(0,2,32),
(0,4,21),(0,32,79),(0,47,98),(0,27,87),(0,25,96),(0,2,25),
(0,0,1),(0,2,15),(0,3,20),(0,1,18),(0,0,12),(0,0,2),
}
{
(0,28,144),(0,78,223),(0,70,211),(0,43,145),(0,50,150),(0,3,33),
(0,14,70),(0,44,168),(0,63,238),(0,60,202),(0,34,114),(0,0,19),
(0,2,26),(0,20,87),(0,42,151),(0,28,124),(0,7,49),(0,0,10),
(0,0,4),(0,2,25),(0,3,31),(0,0,14),(0,0,4),(0,0,0),
}
{
(0,17,34),(0,103,178),(0,107,161),(0,55,115),(0,64,167),(0,13,43),
(0,3,8),(0,42,85),(0,135,156),(0,101,145),(0,50,138),(0,8,41),
(0,0,2),(0,6,16),(0,25,28),(0,34,51),(0,14,56),(0,9,42),
(0,0,0),(0,0,1),(0,0,3),(0,1,7),(0,0,3),(0,0,5),
}
{
(0,0,0),(0,10,43),(0,0,7),(0,0,0),(0,0,0),(0,0,0),
(0,0,0),(32,0,16),(59,10,42),(40,2,0),(18,0,0),(0,0,0),
(1,0,0),(35,0,0),(64,0,0),(43,0,1),(17,0,0),(0,0,0),
(0,0,0),(6,0,0),(1,0,0),(0,0,0),(2,0,0),(0,0,0),
}
{
(0,0,0),(0,0,6),(0,0,3),(0,0,1),(0,0,4),(0,0,0),
(0,0,0),(0,0,3),(0,0,25),(2,0,24),(0,0,3),(0,0,0),
(0,0,0),(0,0,0),(0,0,0),(0,0,0),(0,0,0),(0,0,0),
(0,0,0),(0,0,0),(0,0,0),(0,0,0),(0,0,0),(0,0,0),
}
{
(0,0,0),(0,4,7),(0,60,1),(0,112,0),(0,24,6),(0,7,1),
(0,11,0),(1,10,4),(0,123,24),(0,191,35),(0,60,11),(1,37,0),
(0,4,0),(0,8,0),(0,25,4),(8,21,9),(12,19,12),(0,11,0),
(0,0,0),(0,0,0),(0,0,0),(0,0,0),(0,0,0),(0,0,0),
}
{
(0,0,0),(0,0,5),(0,37,8),(0,161,32),(0,22,7),(0,0,0),
(0,16,0),(0,3,3),(17,27,40),(30,85,51),(0,87,7),(0,32,0),
(0,155,5),(19,46,20),(0,10,0),(1,27,0),(0,133,0),(0,172,14),
(0,0,0),(1,21,3),(0,0,0),(0,0,0),(11,17,11),(0,91,6),
}
{
(0,0,0),(0,0,0),(0,36,5),(0,161,32),(0,25,1),(0,0,0),
(1,21,0),(0,4,0),(18,28,17),(15,83,3),(0,85,1),(0,32,1),
(0,178,8),(28,52,22),(12,10,0),(6,24,0),(0,130,0),(0,172,14),
(0,0,0),(0,21,2),(0,0,0),(0,0,0),(11,17,11),(0,91,6),
}
{
(0,0,0),(18,0,1),(10,0,0),(79,0,0),(103,0,0),(14,0,0),
(0,0,0),(0,0,0),(55,0,0),(147,0,2),(31,0,0),(1,0,0),
(0,0,0),(0,0,0),(11,0,0),(20,0,0),(2,0,0),(0,0,0),
(0,0,0),(0,0,0),(0,0,0),(0,0,0),(0,0,0),(0,0,0),
}
{
(1,4,0),(15,33,31),(0,53,159),(0,74,114),(1,18,11),(0,4,1),
(2,16,3),(4,22,12),(0,66,100),(0,140,179),(0,63,15),(0,1,0),
(0,0,0),(0,2,0),(0,63,23),(0,143,57),(0,111,5),(1,5,1),
(0,0,0),(0,5,0),(8,31,8),(2,49,2),(7,34,8),(0,2,0),
}
{
(0,0,8),(0,0,118),(0,16,100),(6,6,9),(0,0,0),(0,0,0),
(0,0,1),(0,0,40),(38,0,167),(3,5,10),(0,0,0),(5,5,5),
(0,0,0),(0,0,4),(1,16,29),(19,25,20),(8,12,9),(0,0,0),
(0,0,0),(0,0,0),(9,17,9),(9,12,9),(2,13,4),(0,0,0),
}
{
(0,0,0),(0,1,0),(105,99,0),(100,131,0),(0,3,0),(0,0,0),
(0,0,0),(0,0,0),(77,71,54),(70,97,55),(0,2,0),(0,0,0),
(0,0,0),(0,0,0),(1,3,0),(1,6,0),(0,0,0),(0,0,0),
(0,0,0),(0,0,0),(0,0,0),(0,0,0),(0,0,0),(0,0,0),
}
{
(10,122,0),(32,64,14),(43,96,0),(21,63,0),(7,42,0),(0,95,7),
(4,17,3),(8,99,0),(71,127,0),(88,161,0),(35,162,0),(0,105,3),
(0,0,0),(0,10,0),(0,19,0),(1,31,0),(2,73,0),(0,10,0),
(0,0,0),(0,0,0),(0,0,0),(0,0,0),(0,0,0),(0,0,0),
}
{
(0,124,4),(10,78,0),(25,73,0),(24,62,0),(6,80,0),(0,88,0),
(0,83,5),(20,175,0),(41,95,0),(37,103,0),(7,151,0),(3,109,0),
(36,60,37),(0,48,0),(0,41,0),(3,49,0),(6,79,0),(39,90,32),
(0,0,0),(2,10,2),(0,49,2),(0,53,7),(1,9,2),(0,1,0),
}
{
(3,46,0),(10,77,0),(24,114,0),(37,112,0),(3,78,0),(0,84,5),
(0,83,4),(13,115,0),(61,142,0),(66,167,0),(25,141,0),(2,82,0),
(3,13,4),(0,67,1),(4,26,3),(1,26,0),(7,77,0),(6,21,5),
(0,0,0),(0,0,0),(0,0,0),(0,0,0),(0,0,0),(0,0,0),
}
{
(0,179,17),(0,73,2),(0,7,2),(2,9,4),(0,43,0),(0,167,16),
(0,76,0),(0,168,11),(49,0,85),(71,0,107),(0,148,24),(0,153,0),
(1,21,4),(0,96,25),(89,0,122),(111,0,149),(0,109,36),(0,58,3),
(0,0,2),(0,0,9),(11,0,27),(22,0,38),(4,1,11),(0,0,0),
}
{
(8,2,23),(36,0,81),(91,0,144),(65,0,131),(26,26,80),(10,23,26),
(21,15,52),(67,0,130),(187,0,220),(151,0,221),(0,103,148),(26,63,57),
(33,44,56),(0,76,163),(104,0,208),(94,0,211),(0,198,115),(0,132,39),
(7,28,29),(0,49,67),(41,0,113),(9,19,98),(0,105,29),(0,89,10),
}
{
(2,7,9),(62,0,102),(232,0,245),(233,0,246),(87,0,134),(2,23,11),
(3,18,7),(15,61,64),(122,0,222),(131,0,232),(0,125,64),(0,78,6),
(0,65,2),(0,159,26),(0,162,81),(0,173,106),(0,221,40),(0,114,9),
(0,28,0),(0,60,2),(0,61,8),(0,75,8),(0,106,7),(0,88,0),
}
{
(2,16,8),(16,43,43),(0,81,92),(0,169,84),(0,142,40),(0,88,17),
(8,36,22),(0,103,60),(42,0,196),(61,0,195),(0,221,66),(0,168,25),
(0,154,38),(0,172,74),(138,0,185),(143,0,196),(0,220,84),(0,234,46),
(2,15,9),(16,15,45),(55,0,87),(34,0,71),(0,63,19),(0,149,14),
}
{
(67,0,110),(112,0,153),(167,0,205),(135,0,194),(93,0,147),(41,0,85),
(134,0,179),(204,0,231),(219,0,244),(216,0,245),(193,0,232),(107,0,165),
(1,28,2),(0,142,26),(0,136,74),(0,164,87),(0,214,60),(0,128,21),
(0,26,0),(0,48,0),(0,66,3),(0,65,3),(0,111,3),(0,74,1),
}
{
(0,0,0),(0,13,0),(0,176,17),(0,185,15),(0,19,0),(0,1,0),
(0,0,0),(0,10,0),(0,157,5),(2,167,0),(0,15,0),(0,0,0),
(0,0,0),(0,1,0),(1,30,0),(1,32,0),(0,1,0),(0,0,0),
(0,0,0),(0,0,0),(0,0,0),(0,0,0),(0,0,0),(0,0,0),
}
{
(0,2,0),(0,12,0),(1,51,0),(2,73,0),(0,16,0),(0,3,0),
(1,32,0),(3,91,0),(0,189,6),(0,182,9),(0,90,0),(0,33,0),
(0,23,0),(4,95,0),(0,160,0),(0,98,1),(3,100,0),(1,31,0),
(0,1,0),(0,8,0),(0,11,0),(0,0,0),(0,0,0),(0,0,0),
}
{
(0,0,0),(0,10,0),(0,17,0),(1,15,0),(0,12,0),(0,0,0),
(0,0,0),(0,11,0),(1,88,0),(0,78,0),(0,7,0),(0,0,0),
(0,0,0),(0,18,0),(0,120,0),(0,122,2),(0,21,0),(0,0,0),
(0,0,0),(0,11,0),(0,10,0),(0,10,0),(0,12,0),(0,1,0),
}
{
(0,0,0),(0,5,0),(0,20,0),(0,8,0),(0,6,0),(0,0,0),
(0,0,0),(0,6,0),(0,73,0),(0,68,0),(0,15,0),(0,0,0),
(0,0,0),(0,0,0),(0,83,4),(0,109,3),(0,0,0),(0,0,0),
(0,0,0),(0,0,0),(1,37,0),(0,37,0),(0,0,0),(0,0,0),
}
{
(7,10,7),(5,27,7),(9,28,10),(14,41,15),(5,27,5),(8,22,8),
(8,18,8),(3,32,3),(7,50,5),(2,67,0),(1,78,0),(3,25,3),
(10,36,11),(5,107,0),(2,60,0),(0,73,0),(8,127,0),(2,53,0),
(1,10,1),(6,22,7),(5,20,5),(5,15,5),(10,27,10),(9,19,8),
}
{
(0,156,20),(0,69,32),(0,4,40),(0,5,47),(0,78,31),(3,204,0),
(0,77,1),(0,169,33),(0,17,106),(0,15,105),(0,175,46),(0,175,8),
(2,29,20),(0,101,42),(0,13,104),(0,12,103),(0,132,39),(0,77,12),
(0,0,5),(6,1,24),(0,0,8),(1,0,12),(5,4,19),(0,3,1),
}
{
(11,0,69),(0,7,105),(12,0,152),(2,0,154),(0,3,98),(5,8,53),
(1,0,63),(10,0,124),(47,0,202),(36,0,201),(0,35,140),(0,3,63),
(2,0,81),(0,53,129),(0,0,175),(0,9,185),(0,115,115),(0,31,75),
(2,9,15),(6,22,9),(14,13,64),(0,4,53),(10,28,11),(8,17,11),
}
{
(14,24,15),(11,33,13),(2,45,4),(0,86,0),(0,68,0),(7,35,6),
(2,17,2),(0,92,7),(0,102,1),(0,112,0),(7,143,0),(0,87,0),
(0,59,0),(0,123,0),(3,91,0),(0,135,6),(6,187,0),(1,110,0),
(3,9,4),(1,12,1),(5,33,8),(2,30,4),(18,47,18),(3,30,4),
}
{
(12,12,19),(7,12,28),(0,16,43),(0,14,43),(10,12,21),(13,13,18),
(7,7,11),(1,7,27),(0,53,119),(0,57,115),(0,12,40),(0,0,4),
(9,12,24),(12,21,41),(0,47,101),(0,53,114),(0,13,42),(13,15,25),
(5,6,9),(14,18,29),(6,7,19),(0,2,8),(17,18,22),(6,6,9),
}
{
(2,3,2),(12,33,14),(8,26,10),(3,48,7),(3,31,3),(9,26,10),
(8,17,9),(6,37,5),(4,48,4),(2,69,0),(4,81,0),(0,32,0),
(14,39,13),(3,96,0),(4,62,0),(1,69,0),(9,136,0),(3,63,0),
(2,9,3),(5,18,6),(4,19,6),(6,20,7),(11,28,10),(8,20,7),
}
{
(1,0,1),(8,8,8),(9,5,4),(4,1,1),(5,3,3),(1,1,1),
(1,1,1),(4,3,4),(17,8,7),(22,14,7),(6,6,5),(3,3,2),
(5,3,3),(5,1,1),(19,12,7),(31,22,16),(12,8,7),(1,1,0),
(0,0,0),(7,4,2),(1,0,0),(2,0,1),(5,5,5),(1,0,0),
}
{
(4,6,4),(9,22,8),(135,18,0),(186,0,3),(12,23,5),(8,22,9),
(8,13,8),(6,28,4),(118,47,0),(139,44,0),(11,74,0),(2,26,1),
(15,36,16),(7,87,0),(17,57,0),(20,55,0),(15,118,0),(2,53,0),
(2,10,1),(7,19,8),(7,20,7),(6,18,6),(10,27,8),(4,17,5),
}
{
(10,45,13),(0,101,5),(3,92,0),(19,77,0),(11,135,0),(0,93,0),
(0,67,1),(13,139,0),(35,47,0),(38,66,0),(28,212,0),(9,145,0),
(4,51,0),(8,107,0),(34,31,13),(44,39,0),(16,160,0),(12,110,0),
(0,0,0),(10,0,0),(0,0,0),(3,2,0),(5,9,1),(0,4,0),
}
{
(0,1,0),(4,6,4),(0,2,0),(15,24,16),(1,3,0),(8,15,8),
(1,2,1),(3,5,3),(1,1,0),(3,5,3),(8,10,8),(4,7,4),
(4,9,4),(0,0,0),(0,0,0),(0,0,0),(29,36,28),(8,15,7),
(0,0,0),(0,0,0),(0,0,0),(0,1,0),(0,0,0),(2,2,2),
}
{
(0,0,0),(4,7,23),(0,8,67),(0,9,64),(0,13,18),(0,3,1),
(0,1,6),(4,15,23),(0,0,148),(0,27,148),(13,64,53),(16,27,30),
(14,23,43),(0,102,96),(0,28,172),(0,31,157),(0,143,78),(0,70,32),
(2,7,12),(0,3,67),(2,0,82),(5,5,49),(0,9,37),(3,10,10),
}
{
(1,0,10),(24,0,105),(27,0,127),(18,0,110),(26,0,104),(4,2,19),
(0,0,11),(6,0,54),(53,0,170),(57,0,173),(5,0,54),(0,0,6),
(0,0,11),(4,0,37),(27,0,129),(39,0,138),(5,0,37),(0,0,6),
(0,0,2),(10,9,22),(2,0,34),(17,13,28),(10,5,33),(0,0,2),
}
{
(0,13,0),(0,42,8),(0,74,60),(0,97,53),(0,64,6),(1,35,0),
(0,41,0),(0,127,2),(0,168,72),(0,197,95),(0,212,21),(0,119,0),
(0,97,3),(0,231,42),(0,196,120),(0,213,134),(0,248,82),(0,154,12),
(0,48,4),(0,111,27),(0,115,38),(0,113,41),(0,152,25),(0,104,5),
}
{
(0,0,10),(16,0,66),(42,0,159),(48,0,171),(13,0,68),(3,0,27),
(0,0,2),(0,0,28),(58,0,185),(45,0,181),(5,0,41),(0,0,2),
(7,6,19),(11,0,75),(54,0,180),(64,0,192),(6,0,63),(7,5,21),
(0,0,3),(5,2,28),(30,0,121),(11,0,76),(4,0,59),(0,0,5),
}
{
(0,0,3),(4,3,18),(6,5,39),(6,7,14),(0,0,9),(0,0,3),
(2,2,5),(10,10,27),(13,0,90),(11,0,84),(7,7,25),(0,0,5),
(1,1,12),(16,32,45),(10,0,92),(13,0,89),(4,22,25),(0,2,2),
(0,0,4),(8,8,16),(0,0,10),(9,9,14),(0,0,1),(0,0,0),
}
{
(33,0,24),(156,0,145),(223,0,170),(227,0,166),(172,0,166),(47,0,28),
(52,0,50),(137,0,93),(220,0,190),(222,0,218),(155,0,105),(53,0,55),
(0,0,0),(6,0,6),(37,0,42),(44,0,48),(8,0,8),(0,0,0),
(0,0,0),(0,0,0),(0,0,0),(0,0,1),(0,0,0),(0,0,0),
}
{
(0,0,0),(17,0,15),(186,0,170),(218,0,199),(33,0,28),(0,0,1),
(0,0,0),(16,0,13),(163,0,172),(206,0,225),(130,0,160),(50,0,94),
(0,0,0),(28,1,6),(128,0,42),(138,0,117),(201,0,110),(80,0,76),
(0,0,1),(37,0,0),(11,0,2),(6,0,5),(84,0,8),(37,0,0),
}
{
(51,0,34),(173,0,179),(223,0,141),(228,0,152),(162,0,168),(54,0,51),
(82,0,65),(180,0,108),(238,0,186),(236,0,216),(207,0,127),(100,0,81),
(13,0,0),(16,0,14),(52,0,60),(54,0,63),(17,0,17),(13,0,0),
(0,0,1),(0,0,0),(1,0,1),(1,0,1),(0,0,0),(0,0,0),
}
{
(0,146,2),(2,158,0),(0,168,2),(0,196,9),(0,223,7),(0,198,3),
(0,181,6),(0,245,16),(0,193,3),(0,195,6),(0,247,53),(0,228,22),
(0,102,0),(0,175,2),(0,155,2),(0,154,0),(0,190,3),(4,137,0),
(0,2,0),(0,9,0),(0,7,0),(0,9,0),(0,15,0),(0,5,0),
}
{
(0,165,8),(0,164,5),(3,64,0),(2,65,0),(0,206,13),(0,226,18),
(0,185,3),(0,233,19),(0,152,5),(0,174,0),(0,244,36),(0,240,20),
(0,219,7),(0,237,15),(5,112,0),(5,154,0),(0,249,33),(0,245,32),
(0,52,0),(0,126,0),(0,120,2),(0,96,0),(0,157,0),(1,104,0),
}
{
(0,145,2),(0,154,10),(0,19,0),(0,25,0),(0,130,4),(0,232,23),
(0,148,0),(0,212,7),(1,47,0),(1,51,0),(0,208,13),(0,244,20),
(0,149,0),(0,233,15),(2,64,0),(2,65,0),(0,223,18),(0,219,7),
(0,110,1),(0,96,1),(0,8,0),(0,8,0),(0,43,0),(0,193,3),
}
{
(0,123,2),(0,164,2),(0,120,0),(0,135,0),(0,213,17),(0,199,9),
(0,194,6),(0,235,19),(3,102,0),(2,132,0),(0,245,20),(0,239,19),
(0,169,0),(0,241,24),(5,110,0),(4,149,0),(0,246,16),(0,241,24),
(0,83,0),(0,123,4),(1,47,0),(0,86,0),(0,164,2),(0,132,0),
}
{
(0,54,0),(0,58,0),(0,188,9),(0,192,12),(1,97,0),(0,104,1),
(0,125,0),(0,170,8),(0,186,12),(0,174,8),(0,211,3),(0,188,0),
(0,174,0),(0,215,10),(0,180,3),(0,201,3),(0,233,23),(3,192,0),
(2,29,2),(6,34,7),(0,151,7),(0,134,0),(2,52,0),(6,25,6),
}
{
(0,33,0),(1,52,0),(0,154,2),(0,195,6),(1,70,0),(0,28,0),
(0,102,0),(0,127,0),(0,211,10),(0,244,8),(0,172,0),(0,93,0),
(0,95,0),(0,174,5),(0,220,7),(0,234,15),(3,201,0),(1,98,0),
(9,22,9),(2,33,0),(0,85,0),(0,115,0),(1,23,1),(1,9,1),
}
{
(0,85,1),(0,47,1),(0,2,0),(0,4,0),(0,81,1),(0,158,5),
(0,144,2),(0,168,5),(0,17,0),(0,25,0),(0,194,9),(0,237,19),
(0,187,3),(0,228,11),(0,46,0),(0,28,0),(0,192,19),(0,222,14),
(0,115,1),(0,65,2),(0,2,0),(0,0,0),(1,20,0),(0,160,5),
}
{
(0,0,0),(0,0,0),(0,0,0),(0,0,0),(0,0,0),(0,0,0),
(0,0,0),(0,2,0),(0,0,0),(0,0,0),(0,2,0),(0,0,0),
(0,65,4),(0,157,13),(0,47,0),(0,19,0),(0,176,23),(0,67,6),
(0,98,1),(2,133,0),(0,89,0),(2,62,0),(0,140,0),(0,118,0),
}
{
(1,58,0),(1,104,0),(3,118,0),(6,187,0),(3,195,0),(5,156,0),
(0,69,0),(0,210,3),(0,138,2),(0,139,11),(0,248,49),(0,128,4),
(0,3,0),(0,63,2),(11,24,10),(1,20,0),(0,81,1),(3,20,4),
(0,1,0),(0,1,0),(1,1,0),(0,0,0),(0,0,0),(0,0,0),
}
{
(0,18,1),(1,65,0),(1,71,0),(1,88,0),(2,152,0),(0,77,0),
(53,94,0),(44,178,0),(28,168,0),(42,181,0),(19,234,0),(37,149,0),
(43,108,0),(66,159,0),(45,135,0),(34,128,0),(46,139,0),(50,104,0),
(0,1,0),(0,4,0),(0,6,0),(0,5,0),(0,1,0),(0,0,0),
}
{
(0,15,0),(0,75,0),(0,152,25),(0,163,24),(0,159,0),(1,70,0),
(0,10,0),(1,105,0),(0,157,15),(0,142,35),(0,217,3),(0,47,0),
(0,0,0),(0,35,0),(2,21,4),(0,12,0),(0,37,1),(0,3,0),
(0,0,0),(0,0,0),(0,0,0),(0,0,0),(0,0,0),(0,0,0),
}
{
(0,19,0),(0,75,30),(0,83,125),(0,112,121),(0,154,30),(1,87,0),
(2,18,2),(0,120,2),(0,117,113),(0,72,132),(0,228,19),(0,60,2),
(0,0,0),(3,37,4),(6,15,10),(0,6,2),(4,40,5),(0,3,0),
(0,0,0),(0,0,0),(0,0,0),(0,0,0),(0,0,0),(0,0,0),
}
{
(0,44,39),(0,134,120),(0,0,222),(0,15,233),(0,191,146),(0,128,70),
(0,65,22),(0,169,95),(0,63,223),(0,141,235),(0,223,111),(0,149,39),
(0,11,1),(0,53,8),(16,38,50),(0,32,47),(0,74,9),(7,23,8),
(0,0,0),(0,0,0),(0,0,0),(0,0,0),(0,0,0),(0,0,0),
}
{
(0,55,16),(0,166,8),(182,157,0),(213,92,0),(75,225,0),(0,156,2),
(0,115,151),(0,56,189),(123,224,0),(241,241,0),(0,219,153),(0,200,130),
(17,0,132),(185,0,123),(0,230,61),(0,228,57),(182,0,124),(66,83,92),
(77,0,60),(29,45,22),(0,122,6),(0,61,5),(13,16,7),(36,0,45),
}
{
(12,61,0),(62,124,0),(151,202,0),(108,233,0),(56,117,0),(13,41,0),
(18,101,0),(91,117,0),(184,236,0),(168,247,0),(64,149,0),(6,126,0),
(0,104,0),(19,104,0),(89,224,0),(113,244,0),(12,121,0),(0,122,8),
(0,7,0),(0,24,0),(78,124,0),(86,172,0),(0,15,0),(0,2,0),
}
{
(0,0,0),(0,31,0),(0,196,29),(0,222,29),(1,45,0),(0,1,0),
(0,0,0),(1,25,0),(3,180,0),(0,206,0),(1,37,0),(0,0,0),
(0,0,0),(0,9,0),(3,57,0),(2,65,0),(0,7,0),(0,0,0),
(0,0,0),(0,0,0),(0,1,0),(0,1,0),(0,0,0),(0,0,0),
}
{
(0,1,0),(2,2,13),(95,0,150),(107,0,161),(4,2,17),(0,0,0),
(0,1,0),(1,8,12),(72,0,144),(69,0,180),(4,10,19),(0,1,0),
(0,0,0),(1,3,6),(8,21,57),(0,68,56),(1,9,6),(0,0,1),
(0,0,0),(0,1,0),(0,12,1),(0,8,0),(0,1,1),(0,0,0),
}
{
(40,0,67),(72,0,108),(111,0,152),(72,0,111),(51,0,81),(30,0,52),
(79,0,111),(148,0,175),(193,0,223),(208,0,232),(152,0,179),(85,0,116),
(0,0,0),(2,4,9),(12,44,46),(0,54,38),(2,6,5),(0,0,1),
(0,0,0),(0,0,0),(0,4,0),(0,1,0),(0,0,0),(0,0,0),
}
{
(0,0,1),(5,0,16),(27,0,58),(22,0,51),(5,0,18),(1,0,4),
(1,0,5),(13,0,31),(94,0,141),(55,0,111),(13,1,30),(1,0,5),
(3,0,15),(35,0,66),(119,0,156),(121,0,165),(46,0,77),(2,0,9),
(0,0,1),(5,0,16),(16,0,34),(13,0,26),(0,0,2),(0,0,0),
}
{
(0,45,2),(0,72,7),(0,86,17),(0,83,8),(0,58,0),(0,55,0),
(0,9,0),(0,71,10),(0,119,73),(0,153,63),(0,152,15),(0,49,1),
(0,80,8),(0,102,10),(60,74,102),(37,92,95),(0,138,11),(0,108,5),
(1,3,1),(1,5,1),(0,40,4),(4,33,8),(0,5,1),(0,2,0),
}
{
(0,34,3),(4,27,9),(0,73,24),(0,125,27),(0,60,8),(0,67,4),
(0,87,7),(0,91,13),(0,136,86),(0,140,74),(0,152,20),(0,114,5),
(6,21,7),(0,86,10),(55,97,93),(18,60,115),(0,120,14),(0,50,0),
(0,1,0),(0,4,1),(6,16,13),(5,7,10),(0,2,0),(0,0,0),
}
{
(4,17,4),(3,27,6),(0,73,15),(0,61,9),(0,66,4),(0,41,2),
(6,27,8),(0,91,15),(0,115,70),(61,101,103),(0,136,15),(0,89,5),
(11,27,11),(0,95,14),(78,96,110),(64,87,108),(0,149,12),(2,50,6),
(5,9,6),(10,37,12),(2,20,6),(6,14,10),(2,48,3),(3,21,4),
}
{
(1,4,1),(10,36,13),(0,76,21),(0,65,15),(0,69,5),(0,46,3),
(9,21,10),(0,108,16),(43,90,101),(17,106,108),(0,142,18),(0,86,4),
(0,62,10),(0,93,20),(0,113,69),(0,147,112),(0,123,14),(0,89,2),
(4,10,4),(0,4,1),(0,75,15),(0,73,12),(2,10,3),(5,12,7),
}
{
(0,0,0),(0,0,0),(1,3,1),(0,3,1),(0,0,1),(0,0,0),
(0,0,1),(1,1,0),(35,42,12),(43,43,34),(2,5,1),(0,0,0),
(0,0,0),(4,1,0),(64,4,0),(63,46,34),(3,6,1),(0,0,0),
(0,0,1),(0,0,0),(2,8,0),(2,3,1),(0,0,0),(0,0,0),
}
{
(0,0,0),(1,2,1),(4,6,0),(1,8,0),(0,1,0),(0,0,0),
(0,0,0),(2,12,0),(61,78,0),(65,83,0),(4,9,0),(0,0,0),
(0,1,0),(6,14,0),(53,119,0),(75,111,0),(5,16,0),(0,1,0),
(0,0,0),(1,2,0),(4,13,0),(4,3,0),(0,0,0),(0,0,0),
}
{
(0,0,0),(1,13,0),(10,154,0),(16,125,0),(3,34,0),(0,1,0),
(0,0,0),(0,11,0),(23,128,0),(20,175,0),(1,28,0),(0,1,0),
(0,0,0),(2,25,0),(37,131,0),(20,124,0),(4,66,0),(0,4,0),
(0,0,0),(4,31,0),(7,23,0),(1,10,0),(4,45,0),(0,0,0),
}
{
(0,0,0),(0,1,0),(0,153,30),(0,176,38),(0,12,0),(0,0,0),
(0,0,0),(0,1,0),(0,104,15),(0,123,16),(0,4,0),(0,0,0),
(0,0,0),(0,4,0),(0,129,30),(0,156,36),(0,11,0),(0,0,0),
(0,0,0),(0,7,0),(0,82,16),(0,64,7),(0,19,0),(0,0,0),
}
{
(0,1,0),(0,25,6),(0,57,204),(0,111,196),(0,13,25),(0,0,0),
(0,4,0),(0,50,5),(0,185,111),(0,185,135),(0,34,3),(0,0,0),
(0,0,0),(0,5,47),(0,54,180),(0,76,164),(0,1,16),(0,0,0),
(0,0,0),(0,2,14),(0,37,57),(0,20,72),(0,0,1),(0,0,0),
}
{
(0,0,0),(0,1,13),(0,6,72),(0,24,64),(0,3,15),(0,0,0),
(0,0,3),(0,2,37),(31,0,170),(14,0,168),(0,1,49),(0,0,5),
(0,0,2),(0,8,23),(11,0,136),(0,67,131),(0,14,20),(0,0,0),
(0,0,0),(0,3,6),(0,7,13),(0,7,8),(0,0,3),(0,0,0),
}
{
(8,3,22),(19,0,52),(0,0,1),(0,0,1),(9,9,38),(2,2,29),
(16,3,47),(51,0,118),(43,0,104),(53,46,89),(9,0,114),(7,8,26),
(0,0,0),(0,0,1),(0,0,10),(0,0,7),(0,0,1),(0,0,0),
(0,0,0),(0,0,0),(0,0,0),(0,0,0),(0,0,0),(0,0,0),
}
{
(9,17,10),(9,22,9),(14,38,14),(0,62,3),(9,44,9),(7,21,8),
(0,25,1),(0,89,4),(1,58,0),(1,100,0),(3,93,0),(2,37,0),
(4,15,4),(3,112,0),(3,75,0),(2,84,0),(7,152,0),(2,51,0),
(1,9,1),(13,39,15),(9,20,10),(9,17,10),(7,31,5),(10,23,11),
}
{
(0,0,1),(8,8,23),(0,0,0),(0,0,0),(1,1,7),(0,0,0),
(1,0,0),(0,0,0),(12,12,26),(21,21,25),(0,0,2),(0,0,0),
(0,0,0),(0,0,0),(0,0,0),(0,0,0),(0,0,0),(0,0,0),
(0,0,0),(0,0,0),(0,0,0),(0,0,0),(0,0,0),(0,0,0),
}
{
(0,197,6),(0,53,2),(0,7,0),(0,19,0),(0,81,0),(0,219,40),
(0,165,13),(0,212,31),(0,42,0),(1,56,0),(3,222,0),(0,223,37),
(1,20,0),(0,103,0),(0,43,0),(2,45,0),(0,173,2),(1,92,0),
(1,1,1),(0,2,0),(0,0,0),(0,0,0),(0,8,0),(0,6,0),
}
{
(0,246,49),(0,165,16),(1,50,0),(2,58,0),(0,167,2),(0,249,41),
(0,165,0),(0,224,0),(4,81,0),(4,81,0),(0,230,11),(0,228,11),
(2,82,0),(0,169,0),(1,66,0),(2,57,0),(0,188,9),(0,141,0),
(0,4,0),(0,9,0),(0,3,0),(0,3,0),(0,16,0),(0,13,0),
}
{
(0,6,0),(1,22,2),(0,47,3),(0,0,0),(0,1,0),(0,0,0),
(0,0,0),(0,0,0),(0,0,0),(0,0,0),(0,0,0),(0,0,0),
(0,0,0),(0,0,0),(0,0,0),(0,0,0),(0,0,0),(0,0,0),
(0,0,0),(0,0,0),(0,0,0),(0,0,0),(0,0,0),(0,0,0),
}
{
(0,0,2),(0,3,42),(0,10,106),(0,18,108),(0,5,52),(0,0,8),
(0,0,0),(0,0,33),(14,0,169),(16,0,192),(2,0,73),(0,0,5),
(0,0,2),(0,0,21),(28,0,121),(27,0,127),(0,0,14),(0,0,0),
(0,0,1),(0,0,12),(0,0,51),(0,0,33),(0,0,0),(0,0,0),
}
{
(0,0,11),(10,0,107),(59,0,211),(62,0,209),(34,0,147),(10,0,37),
(0,0,9),(5,0,82),(93,0,215),(87,0,211),(7,0,93),(0,0,8),
(0,0,3),(0,0,25),(20,0,120),(23,0,130),(0,0,30),(0,0,2),
(0,0,1),(0,0,1),(0,0,4),(0,0,3),(0,0,0),(0,0,0),
}
{
(0,58,3),(0,70,5),(0,9,0),(1,18,0),(9,108,0),(2,127,0),
(3,113,0),(15,159,0),(0,28,0),(1,39,0),(26,201,0),(17,177,0),
(0,19,0),(9,92,0),(2,30,3),(1,32,0),(0,156,0),(1,95,0),
(0,0,1),(0,0,1),(0,0,1),(0,0,2),(0,4,1),(0,3,1),
}
{
(2,6,3),(16,25,17),(8,23,9),(21,44,21),(12,35,13),(13,25,13),
(14,28,14),(0,75,3),(0,53,2),(2,60,0),(1,98,0),(16,39,16),
(2,8,2),(2,76,0),(4,91,0),(2,67,0),(13,161,0),(1,36,1),
(12,16,13),(2,10,3),(6,16,7),(10,25,12),(9,23,9),(8,17,9),
}
{
(0,9,83),(0,16,140),(0,26,158),(0,21,163),(0,17,129),(0,8,88),
(0,15,187),(0,23,237),(0,33,249),(147,157,245),(0,0,239),(0,9,183),
(6,9,35),(0,6,78),(0,0,114),(0,5,118),(0,6,90),(0,4,45),
(0,0,0),(0,0,0),(0,0,0),(0,0,0),(0,0,0),(0,0,0),
}
{
(1,66,0),(2,128,0),(0,208,6),(0,238,19),(0,200,0),(2,146,0),
(0,92,0),(0,220,11),(0,240,24),(0,246,20),(0,248,45),(0,205,10),
(0,185,9),(0,240,32),(0,177,11),(0,212,21),(0,250,33),(0,246,36),
(1,68,0),(0,76,0),(1,20,0),(0,41,0),(0,96,0),(0,194,12),
}
{
(1,39,0),(3,96,0),(2,146,0),(2,170,0),(2,141,0),(2,78,0),
(2,60,0),(0,194,6),(0,233,11),(0,244,32),(0,233,23),(0,124,0),
(0,117,1),(0,241,44),(0,247,32),(0,247,45),(0,249,49),(0,204,13),
(0,111,0),(0,172,0),(2,157,0),(2,145,0),(0,197,6),(0,149,0),
}
{
(0,0,5),(0,2,54),(0,12,120),(0,14,96),(0,4,52),(0,0,8),
(0,0,0),(1,0,31),(11,0,169),(23,0,205),(1,0,75),(0,0,7),
(0,0,7),(0,0,44),(25,0,126),(33,0,143),(0,0,32),(0,0,2),
(0,0,0),(0,0,7),(0,0,18),(0,0,10),(0,0,0),(0,0,0),
}
{
(2,0,27),(5,0,68),(5,0,117),(8,0,101),(0,0,50),(0,0,13),
(0,0,20),(5,0,82),(49,0,186),(41,0,193),(6,0,66),(0,0,5),
(0,0,31),(14,0,105),(67,0,201),(74,0,212),(4,0,82),(0,0,14),
(3,0,22),(0,0,20),(5,0,53),(0,0,33),(3,0,20),(0,0,2),
}
{
(0,0,0),(0,0,0),(0,0,0),(0,0,0),(0,0,0),(0,0,0),
(0,0,0),(0,0,0),(0,0,0),(0,0,0),(0,0,0),(0,0,1),
(0,0,0),(0,0,1),(0,0,0),(0,0,0),(0,0,0),(0,0,0),
(0,0,0),(0,0,0),(0,0,0),(0,0,1),(0,0,1),(0,0,0),
}
{
(0,0,25),(7,0,109),(48,0,195),(54,0,205),(15,0,130),(0,0,31),
(0,0,0),(4,0,40),(92,0,191),(93,0,201),(5,0,47),(0,0,0),
(0,0,0),(0,0,0),(0,0,16),(0,0,19),(0,0,1),(0,0,0),
(0,0,0),(0,0,0),(0,0,0),(0,0,0),(0,0,0),(0,0,0),
}
{
(0,0,0),(1,0,0),(23,0,0),(34,0,3),(20,1,7),(1,0,0),
(0,0,0),(7,0,0),(87,2,0),(133,2,0),(20,0,0),(0,0,0),
(2,0,0),(15,0,0),(70,0,0),(105,0,0),(31,0,0),(3,0,0),
(0,0,0),(1,0,0),(2,0,0),(0,0,1),(0,0,0),(0,0,0),
}
{
(20,0,0),(94,0,0),(107,5,0),(60,0,0),(60,0,0),(8,0,0),
(19,0,0),(113,1,0),(184,46,0),(155,20,0),(100,1,0),(14,0,0),
(31,0,0),(115,3,0),(141,25,0),(111,11,0),(97,1,0),(18,0,0),
(5,0,0),(35,0,0),(9,0,0),(4,0,0),(10,0,0),(4,0,0),
}
{
(1,0,0),(22,0,0),(13,0,0),(1,0,0),(2,0,0),(0,0,0),
(5,0,0),(50,0,0),(115,7,0),(79,3,0),(31,0,0),(2,0,0),
(17,0,0),(77,0,0),(58,0,0),(33,0,0),(34,0,0),(5,0,0),
(2,0,0),(6,0,0),(0,0,0),(0,0,0),(1,0,1),(0,0,0),
}
{
(0,0,0),(6,0,0),(30,0,0),(37,0,0),(13,0,0),(0,0,0),
(0,0,0),(8,0,0),(99,6,0),(132,11,0),(22,0,0),(0,0,0),
(0,0,0),(11,0,0),(59,0,0),(89,1,0),(28,0,0),(0,0,0),
(0,0,0),(0,0,0),(0,0,0),(0,0,0),(0,0,0),(0,0,0),
}
{
(0,6,17),(0,33,69),(0,72,135),(0,51,119),(0,21,57),(0,3,14),
(0,7,23),(0,32,65),(0,106,177),(0,112,193),(0,39,79),(0,4,18),
(0,10,34),(0,40,87),(0,108,181),(0,88,156),(0,33,75),(0,6,20),
(0,1,6),(0,9,29),(2,9,21),(1,6,15),(0,5,17),(0,0,5),
}
{
(0,23,62),(0,70,137),(0,76,127),(0,69,119),(0,93,160),(0,29,63),
(0,25,66),(0,90,175),(0,121,214),(0,117,201),(0,106,177),(0,28,64),
(0,27,74),(0,81,163),(0,91,161),(0,91,157),(0,117,185),(0,40,80),
(0,9,34),(0,40,91),(3,9,17),(1,3,7),(0,27,57),(1,13,29),
}
{
(7,0,0),(55,0,0),(26,0,2),(9,0,0),(21,0,0),(1,0,0),
(12,0,0),(67,0,4),(138,0,43),(115,0,46),(67,0,8),(8,0,0),
(19,0,0),(97,0,8),(68,0,15),(54,0,18),(51,0,4),(10,0,0),
(3,0,0),(5,0,0),(0,0,0),(0,0,0),(3,0,0),(0,0,0),
}
{
(0,0,0),(2,0,0),(25,0,0),(34,0,0),(11,0,0),(1,0,0),
(0,0,0),(8,0,0),(97,0,25),(128,0,36),(17,0,0),(0,0,0),
(0,0,0),(10,0,0),(50,0,5),(83,0,12),(26,0,0),(1,0,0),
(0,0,0),(0,0,0),(0,0,0),(0,0,0),(0,0,0),(0,0,0),
}
{
(0,151,0),(0,189,3),(2,154,0),(0,175,5),(0,226,15),(0,217,14),
(0,164,5),(0,246,16),(0,222,11),(0,206,17),(0,249,45),(0,233,27),
(0,71,1),(0,151,5),(0,180,12),(0,187,9),(3,192,0),(0,133,0),
(1,7,2),(1,5,0),(0,2,0),(0,4,0),(2,13,2),(0,6,0),
}
{
(0,138,2),(0,155,5),(0,18,0),(0,25,0),(0,140,4),(0,233,31),
(0,158,2),(0,224,18),(2,42,0),(1,45,0),(0,213,28),(0,241,24),
(0,170,5),(0,233,19),(1,52,0),(1,52,0),(0,223,18),(0,230,15),
(1,103,0),(0,104,6),(0,3,0),(0,4,0),(0,79,3),(0,211,21),
}
{
(2,66,0),(0,149,4),(0,162,5),(0,149,2),(0,218,18),(0,180,0),
(0,147,0),(0,196,6),(4,133,0),(2,160,0),(0,247,24),(0,219,3),
(0,174,0),(0,217,25),(4,131,0),(2,153,0),(0,245,20),(0,230,0),
(1,34,0),(0,76,1),(0,46,0),(0,50,0),(0,149,2),(0,67,0),
}
{
(1,45,0),(1,47,0),(0,183,9),(0,199,9),(0,81,0),(1,37,0),
(0,57,0),(0,175,5),(0,225,11),(0,243,32),(0,191,6),(1,104,0),
(0,71,1),(0,172,5),(0,230,11),(0,244,20),(0,212,10),(2,149,0),
(0,11,0),(0,25,0),(0,94,0),(0,142,2),(0,29,0),(0,11,0),
}
{
(0,130,2),(0,99,1),(0,5,0),(0,7,0),(0,107,1),(0,155,2),
(0,142,0),(0,180,0),(0,22,0),(1,35,0),(0,214,21),(0,246,16),
(0,130,0),(0,196,6),(11,26,9),(1,24,0),(0,212,14),(0,224,7),
(0,70,0),(3,48,3),(0,0,0),(0,0,0),(0,52,0),(0,92,0),
}
{
(0,0,0),(0,0,0),(0,0,0),(0,0,0),(0,0,0),(0,0,0),
(0,0,0),(0,0,0),(0,0,0),(0,0,0),(0,2,0),(0,0,0),
(0,27,0),(4,120,0),(0,59,0),(0,51,0),(0,187,24),(0,85,4),
(1,30,0),(2,46,0),(0,28,0),(2,80,0),(3,118,0),(3,96,0),
}
{
(0,0,0),(0,0,0),(0,0,0),(0,0,0),(0,0,0),(0,0,0),
(0,0,0),(0,0,0),(0,0,0),(0,0,0),(0,0,0),(0,0,0),
(0,0,0),(0,0,0),(0,0,0),(0,0,0),(0,0,0),(0,0,0),
(0,0,0),(0,0,0),(0,0,0),(0,0,0),(0,0,0),(0,0,0),
}
{
(0,21,64),(0,17,47),(0,91,190),(0,99,221),(0,41,108),(0,20,57),
(0,31,76),(0,74,159),(0,90,201),(0,106,237),(0,89,174),(0,37,84),
(0,0,0),(3,18,12),(0,18,45),(0,31,60),(0,57,21),(0,8,1),
(0,0,0),(0,0,0),(0,0,0),(0,1,0),(0,0,0),(0,0,0),
}
{
(0,1,25),(0,18,73),(0,53,152),(0,67,140),(0,40,89),(0,9,37),
(0,17,53),(0,49,136),(0,70,211),(0,104,202),(0,89,167),(0,36,79),
(0,8,0),(0,79,7),(0,54,34),(0,41,29),(0,182,33),(0,63,4),
(0,7,0),(0,17,0),(0,11,0),(0,49,0),(3,109,0),(2,85,0),
}
{
(0,24,58),(0,25,57),(0,107,196),(0,115,224),(0,58,134),(0,41,92),
(0,28,59),(0,86,149),(0,109,206),(0,127,232),(0,101,152),(0,44,62),
(0,80,6),(0,130,17),(0,162,64),(0,170,82),(0,162,32),(0,145,4),
(0,8,0),(0,18,0),(0,12,0),(0,9,0),(0,3,0),(0,7,0),
}
{
(13,0,83),(42,0,183),(0,0,125),(0,67,78),(0,12,192),(0,36,116),
(0,22,2),(0,90,67),(12,0,189),(0,28,212),(0,215,103),(0,147,7),
(0,0,0),(0,50,6),(0,11,37),(0,1,53),(0,71,23),(1,28,5),
(0,0,0),(0,0,0),(0,0,0),(0,0,0),(0,0,0),(0,0,0),
}
{
(25,0,90),(113,0,207),(165,0,237),(158,0,238),(81,0,196),(21,0,98),
(0,0,5),(20,0,76),(170,0,222),(182,0,233),(0,142,97),(0,49,9),
(0,0,0),(0,10,7),(2,0,63),(13,0,66),(4,36,20),(0,11,0),
(0,0,0),(0,0,0),(0,0,0),(0,0,0),(0,0,0),(0,0,0),
}
{
(5,0,60),(20,0,123),(47,0,204),(59,0,210),(27,0,136),(2,0,57),
(5,7,20),(0,4,93),(52,0,223),(58,0,235),(32,0,129),(6,0,32),
(0,0,10),(4,0,51),(46,0,146),(80,0,167),(13,0,74),(0,0,12),
(0,0,4),(0,0,8),(4,0,26),(6,0,18),(0,0,9),(0,0,1),
}
{
(1,0,3),(4,0,44),(22,0,105),(43,0,97),(10,0,47),(1,0,6),
(4,0,13),(28,0,69),(103,0,200),(120,0,207),(34,0,85),(3,0,16),
(1,0,44),(31,0,117),(79,0,218),(121,0,221),(27,0,135),(6,0,43),
(0,0,15),(3,0,33),(9,0,55),(13,0,65),(1,0,31),(0,0,6),
}
{
(0,113,0),(0,133,19),(0,166,166),(0,151,154),(0,190,34),(0,204,10),
(0,149,4),(0,201,43),(0,189,148),(0,208,180),(0,235,58),(0,239,39),
(2,17,3),(0,96,19),(0,30,132),(0,40,174),(0,119,53),(0,70,2),
(0,0,1),(1,1,4),(8,0,74),(8,0,70),(1,2,9),(0,0,9),
}
{
(1,1,9),(2,0,42),(10,8,37),(9,8,36),(3,0,41),(3,2,16),
(1,0,8),(3,0,33),(21,0,119),(30,0,116),(4,0,31),(0,0,5),
(3,1,21),(10,0,63),(14,0,81),(7,0,55),(8,0,57),(6,5,21),
(0,0,5),(1,0,5),(1,1,3),(0,0,1),(2,0,6),(2,2,8),
}
{
(0,3,63),(0,9,116),(0,26,144),(0,21,144),(0,6,96),(0,6,62),
(0,11,173),(0,11,227),(0,16,244),(0,8,241),(3,0,230),(5,0,173),
(9,13,44),(0,5,87),(3,0,117),(0,3,115),(0,7,88),(3,5,27),
(0,0,1),(0,0,1),(0,0,1),(0,0,1),(0,0,1),(0,0,1),
}
{
(0,1,1),(0,5,0),(1,80,0),(2,121,0),(0,11,0),(0,6,0),
(1,32,0),(0,62,1),(0,83,2),(0,106,3),(0,132,8),(0,123,0),
(0,75,2),(0,81,5),(0,7,0),(0,6,0),(0,91,3),(26,78,32),
(0,0,1),(0,0,0),(0,0,0),(0,0,0),(0,0,0),(0,0,0),
}
{
(0,96,92),(0,138,141),(0,213,138),(0,235,137),(0,193,115),(0,134,84),
(0,165,184),(0,204,231),(183,244,246),(208,249,246),(0,244,203),(0,230,149),
(0,214,96),(0,249,124),(0,248,181),(0,249,186),(0,250,112),(0,233,66),
(0,89,26),(0,119,45),(0,123,61),(0,143,59),(0,148,32),(0,102,6),
}
{
(1,6,1),(18,38,18),(20,29,35),(20,57,34),(0,58,6),(8,29,9),
(9,35,10),(0,55,3),(37,46,46),(55,58,70),(0,73,3),(6,51,7),
(15,33,21),(3,80,3),(64,70,50),(48,46,37),(15,136,0),(0,70,9),
(1,4,2),(4,12,5),(3,4,4),(12,27,11),(12,33,11),(6,16,7),
}
{
(5,5,5),(18,15,26),(21,20,40),(0,61,13),(57,50,49),(7,14,8),
(4,25,4),(0,55,0),(82,86,84),(84,71,96),(7,85,0),(0,72,10),
(17,18,14),(0,91,1),(41,98,44),(54,103,43),(0,116,5),(33,61,33),
(4,11,6),(16,31,17),(5,26,4),(11,17,11),(5,19,6),(2,3,2),
}
{
(0,0,1),(0,62,10),(42,60,49),(45,85,81),(18,70,18),(0,57,4),
(6,19,7),(0,62,9),(0,164,62),(0,201,80),(0,125,6),(5,38,9),
(32,43,39),(41,52,38),(27,56,51),(25,49,56),(25,78,36),(37,56,38),
(16,33,20),(9,6,23),(8,11,14),(10,7,23),(11,11,24),(13,22,24),
}
{
(2,4,16),(12,34,16),(21,24,23),(30,35,29),(0,43,0),(3,7,8),
(4,8,9),(32,60,58),(81,75,99),(86,87,97),(0,106,35),(21,39,36),
(0,53,10),(9,59,29),(46,41,80),(25,31,76),(8,95,10),(28,64,28),
(2,3,5),(10,12,13),(38,32,51),(13,22,27),(17,29,24),(9,13,10),
}
{
(28,0,124),(107,98,117),(76,0,11),(61,12,36),(136,132,135),(18,0,156),
(0,0,2),(32,0,84),(144,0,180),(165,0,187),(41,0,114),(0,0,11),
(0,0,0),(4,1,13),(14,0,54),(17,10,47),(2,1,5),(0,0,0),
(0,0,0),(0,0,0),(0,0,0),(0,0,0),(0,0,0),(0,0,0),
}
{
(8,20,30),(14,48,39),(19,66,72),(13,21,49),(0,123,75),(16,53,40),
(0,80,10),(0,76,63),(0,25,152),(0,12,153),(0,140,98),(0,128,21),
(0,80,45),(0,63,93),(0,19,128),(0,7,109),(0,134,127),(0,178,38),
(18,28,30),(15,35,42),(6,8,11),(0,0,1),(0,86,28),(0,60,7),
}
{
(2,4,7),(0,3,23),(2,16,4),(6,29,7),(7,15,22),(2,10,12),
(3,10,8),(0,47,38),(29,81,82),(38,79,79),(0,100,53),(0,50,10),
(4,9,9),(0,93,41),(11,47,26),(0,52,16),(0,113,32),(0,73,17),
(0,0,1),(0,0,0),(0,4,1),(4,11,4),(0,0,1),(1,2,3),
}
{
(7,0,152),(0,147,115),(60,51,48),(28,35,26),(77,110,110),(0,28,114),
(0,0,5),(18,2,77),(54,46,172),(41,0,176),(18,0,91),(0,0,3),
(0,0,0),(0,0,2),(5,10,23),(7,14,29),(0,1,3),(0,0,0),
(0,0,1),(0,0,0),(0,0,0),(0,0,0),(0,0,0),(0,0,1),
}
{
(0,49,3),(0,80,17),(11,14,17),(6,10,14),(0,68,6),(0,209,27),
(14,37,18),(0,145,24),(26,33,63),(25,41,56),(0,165,22),(0,152,20),
(4,40,7),(0,141,18),(3,13,20),(7,17,26),(0,175,26),(0,136,13),
(7,13,8),(8,43,11),(0,0,0),(0,0,0),(14,41,19),(0,68,6),
}
{
(0,0,1),(0,0,2),(0,0,0),(0,0,0),(0,0,1),(0,0,2),
(0,0,0),(0,0,1),(0,0,0),(0,0,0),(0,0,0),(0,0,0),
(0,0,1),(0,0,0),(0,0,0),(0,0,0),(0,0,0),(0,0,0),
(0,0,0),(0,0,0),(0,0,0),(0,0,0),(0,0,0),(0,0,0),
}
{
(4,25,17),(0,107,55),(0,0,95),(0,6,56),(0,127,103),(0,133,22),
(15,37,29),(0,138,48),(11,0,133),(0,0,148),(0,176,76),(0,126,21),
(7,33,25),(0,131,76),(0,0,99),(4,0,94),(0,164,62),(0,123,32),
(7,12,13),(12,48,23),(3,3,8),(0,0,2),(0,93,12),(0,40,4),
}
{
(0,0,2),(0,0,1),(0,0,1),(0,0,0),(0,0,2),(0,0,2),
(0,0,2),(0,0,1),(0,0,0),(0,0,0),(0,0,0),(0,0,1),
(0,0,2),(0,0,0),(0,0,1),(0,0,1),(0,0,0),(0,0,1),
(0,0,1),(0,0,1),(0,0,0),(0,0,0),(0,0,1),(0,0,0),
}
{
(17,9,11),(24,7,4),(83,12,0),(61,2,0),(42,13,13),(4,0,1),
(0,0,2),(10,3,3),(102,10,0),(121,18,0),(12,1,2),(0,0,0),
(0,0,2),(0,0,0),(1,0,1),(2,0,0),(0,0,0),(0,0,1),
(0,0,1),(0,0,1),(0,0,0),(0,0,0),(0,0,1),(0,0,0),
}
{
(21,10,11),(23,7,4),(83,16,0),(61,3,0),(43,16,14),(7,1,1),
(0,0,1),(8,3,1),(101,10,0),(116,15,0),(11,1,1),(0,0,0),
(0,0,1),(0,0,0),(1,0,0),(1,0,0),(0,0,0),(0,0,0),
(0,0,0),(0,0,0),(0,0,0),(0,0,0),(0,0,0),(0,0,0),
}
{
(20,10,10),(22,7,4),(80,18,0),(62,3,0),(44,15,14),(7,0,1),
(0,0,0),(8,3,1),(99,11,0),(116,15,0),(12,1,1),(0,0,0),
(0,0,0),(0,0,0),(0,0,0),(1,0,0),(0,0,0),(0,0,0),
(0,0,0),(0,0,0),(0,0,0),(0,0,0),(0,0,0),(0,0,0),
}
{
(126,158,0),(150,130,0),(201,167,0),(220,187,0),(200,193,0),(138,184,0),
(115,144,0),(159,195,0),(218,181,0),(235,223,0),(188,231,0),(122,204,0),
(87,105,0),(106,139,0),(123,108,0),(124,127,0),(87,145,0),(106,139,0),
(3,8,0),(5,12,0),(8,12,0),(9,15,0),(5,16,0),(4,14,0),
}
{
(54,81,0),(71,119,0),(184,174,0),(211,203,0),(170,213,0),(100,151,0),
(109,96,0),(91,166,0),(214,214,0),(236,236,0),(156,234,0),(82,159,0),
(83,104,0),(86,118,0),(115,122,0),(123,135,0),(77,150,0),(74,117,0),
(2,7,0),(3,10,0),(7,14,0),(8,17,0),(4,15,0),(2,10,0),
}
{
(51,69,0),(68,108,0),(180,165,0),(207,200,0),(169,208,0),(93,137,0),
(106,81,0),(89,153,0),(212,204,0),(235,227,0),(152,228,0),(77,150,0),
(85,99,0),(84,105,0),(114,118,0),(120,131,0),(75,141,0),(67,112,0),
(1,5,0),(1,8,0),(6,12,0),(6,14,0),(3,12,0),(1,8,0),
}
{
(46,60,0),(61,95,0),(178,154,0),(205,191,0),(170,201,0),(91,125,0),
(102,76,0),(89,138,0),(207,200,0),(233,221,0),(149,219,0),(78,142,0),
(85,97,0),(82,99,0),(111,111,0),(119,122,0),(73,126,0),(68,108,0),
(2,4,0),(2,7,0),(5,10,0),(6,12,0),(2,10,0),(1,7,0),
}
{
(42,25,0),(57,55,0),(175,131,0),(204,170,0),(179,173,0),(97,92,0),
(99,31,0),(90,75,0),(202,181,0),(232,212,0),(156,174,0),(80,70,0),
(88,76,0),(83,51,0),(109,94,0),(119,107,0),(82,75,0),(72,68,0),
(1,2,0),(2,1,0),(7,6,1),(7,7,0),(3,4,0),(1,1,0),
}
{
(38,15,3),(54,42,0),(173,121,0),(205,160,0),(177,156,0),(91,72,0),
(93,18,0),(88,49,0),(201,177,0),(232,208,0),(155,147,0),(80,44,0),
(87,69,0),(82,28,0),(107,89,0),(120,104,0),(80,52,0),(72,49,0),
(1,1,0),(2,0,0),(6,4,0),(7,5,0),(2,1,0),(0,0,0),
}
{
(31,4,0),(59,37,0),(175,107,0),(204,156,0),(170,141,0),(97,67,0),
(93,7,0),(86,34,0),(201,170,0),(231,204,0),(155,129,0),(85,36,0),
(86,65,0),(85,21,0),(108,88,0),(120,100,0),(81,44,0),(72,42,0),
(1,0,0),(2,0,0),(6,3,0),(6,4,0),(2,0,0),(1,0,0),
}
{
(24,1,0),(41,23,0),(155,98,0),(188,134,0),(163,133,0),(85,62,0),
(93,4,0),(74,20,0),(181,147,0),(226,195,0),(140,107,0),(78,16,0),
(80,61,0),(71,14,0),(83,62,0),(113,92,0),(70,31,0),(47,17,0),
(1,0,0),(1,0,0),(3,1,0),(4,2,0),(1,0,0),(0,0,0),
}
{
(16,0,0),(1,0,0),(56,25,0),(71,44,0),(44,33,0),(2,0,0),
(16,1,0),(3,0,0),(53,34,0),(92,75,0),(31,24,0),(13,0,0),
(20,17,6),(3,0,0),(13,10,4),(27,22,0),(14,1,1),(0,0,0),
(0,0,0),(0,0,0),(0,0,0),(0,0,0),(0,0,0),(0,0,0),
}
{
(0,0,0),(0,0,0),(0,0,0),(0,0,0),(0,0,0),(0,0,0),
(0,0,0),(0,0,0),(0,0,0),(0,0,0),(0,0,0),(0,0,0),
(0,0,0),(0,0,0),(0,0,0),(0,0,0),(0,0,0),(0,0,0),
(0,0,0),(0,0,0),(0,0,0),(0,0,0),(0,0,0),(0,0,0),
}
#====================================================================
