#====================================================================
# Create at 2022/10/20 10:44:28
#====================================================================
< "fps":20 >
< "frame":250 >
< "rows":4 >
< "columns":6 >
#====================================================================
{
(2,3,3),(3,5,5),(5,7,7),(3,5,5),(3,4,5),(4,4,5),
(7,10,10),(15,19,18),(14,18,18),(13,17,17),(12,16,15),(8,12,11),
(7,11,10),(15,20,19),(15,19,18),(14,18,17),(13,17,16),(8,12,11),
(3,3,3),(5,6,6),(6,7,7),(4,5,5),(4,5,5),(4,5,5),
}
{
(2,3,3),(3,5,5),(6,7,7),(3,5,5),(3,4,5),(4,5,5),
(7,10,10),(15,19,18),(14,19,18),(13,17,16),(12,16,16),(8,11,11),
(7,11,10),(15,20,19),(15,20,19),(14,19,17),(13,17,16),(8,12,11),
(3,3,3),(5,6,6),(6,7,7),(4,5,5),(4,5,4),(4,5,4),
}
{
(0,2,7),(3,7,11),(1,3,5),(0,1,3),(1,2,3),(0,0,1),
(3,5,7),(14,19,21),(9,13,14),(9,12,12),(9,12,12),(4,7,7),
(4,6,8),(15,20,22),(11,14,15),(10,13,13),(9,13,12),(5,7,7),
(0,3,7),(4,8,11),(1,3,5),(1,2,2),(2,3,3),(1,0,1),
}
{
(0,8,24),(0,6,15),(0,7,19),(0,5,16),(0,4,11),(0,4,12),
(2,9,27),(8,11,13),(7,14,23),(9,18,28),(6,11,19),(4,11,18),
(3,10,28),(8,12,13),(8,16,24),(11,19,29),(6,12,19),(5,11,18),
(0,7,24),(1,7,15),(0,7,19),(0,6,16),(0,4,10),(0,4,11),
}
{
(0,26,77),(0,24,69),(0,22,59),(0,15,42),(0,11,33),(0,10,27),
(0,16,65),(0,18,66),(0,21,59),(0,18,53),(0,18,52),(3,15,32),
(0,16,66),(0,19,66),(0,21,60),(0,18,53),(0,18,53),(3,15,32),
(0,26,78),(0,24,68),(0,21,58),(0,14,41),(0,11,32),(0,10,26),
}
{
(0,62,157),(0,49,156),(0,62,144),(0,48,108),(0,39,94),(0,41,89),
(0,54,117),(0,32,128),(0,61,131),(0,60,117),(0,54,116),(0,43,87),
(0,57,118),(0,32,128),(0,61,131),(0,60,117),(0,54,116),(0,43,87),
(0,62,157),(0,48,154),(0,62,144),(0,48,108),(0,37,89),(0,43,89),
}
{
(0,101,185),(0,113,206),(0,122,198),(0,91,161),(0,91,156),(0,84,134),
(0,96,145),(0,137,201),(0,130,191),(0,96,138),(0,123,154),(0,82,120),
(0,99,146),(0,137,201),(0,130,191),(0,97,139),(0,123,154),(0,84,120),
(0,102,186),(0,108,204),(0,121,197),(0,93,161),(0,83,148),(0,84,134),
}
{
(0,95,169),(0,119,204),(0,129,210),(0,109,193),(0,108,192),(0,102,171),
(0,112,160),(0,172,225),(0,151,212),(0,120,195),(0,137,196),(0,92,146),
(0,112,160),(0,172,225),(0,151,212),(0,120,195),(0,134,197),(0,92,146),
(0,96,166),(0,112,199),(0,131,208),(0,108,192),(0,99,186),(0,102,170),
}
{
(0,85,161),(0,116,199),(0,133,211),(0,112,199),(0,114,197),(0,102,176),
(0,107,165),(0,209,233),(0,179,220),(0,133,210),(0,162,207),(0,96,156),
(0,107,165),(0,208,232),(0,180,221),(0,133,210),(0,162,208),(0,96,156),
(0,88,160),(0,109,194),(0,130,211),(0,115,198),(0,105,191),(0,102,176),
}
{
(0,61,160),(0,101,190),(0,100,200),(0,81,187),(0,86,178),(0,70,168),
(0,84,187),(0,215,239),(0,161,225),(0,124,220),(0,154,215),(0,69,167),
(0,84,188),(0,211,239),(0,161,226),(0,125,221),(0,154,215),(0,69,166),
(0,60,159),(0,99,186),(0,100,200),(0,81,187),(0,80,173),(0,70,168),
}
{
(0,45,119),(0,92,163),(0,85,176),(0,76,177),(0,80,167),(0,56,141),
(0,92,184),(0,212,241),(0,163,233),(0,147,233),(0,168,225),(0,74,173),
(0,92,185),(0,212,241),(0,163,233),(0,147,233),(0,171,224),(0,74,173),
(0,45,118),(0,86,157),(0,85,176),(0,76,177),(0,78,162),(0,56,141),
}
{
(0,40,106),(0,57,139),(0,63,159),(0,65,163),(0,64,149),(0,49,130),
(0,107,196),(0,168,235),(0,135,232),(0,140,234),(0,150,225),(0,81,188),
(0,104,196),(0,168,235),(0,135,233),(0,140,234),(0,150,225),(0,78,189),
(0,40,106),(0,57,138),(0,63,158),(0,64,162),(0,63,147),(0,49,130),
}
{
(0,21,53),(0,30,80),(0,32,84),(0,36,92),(0,37,83),(0,29,70),
(0,43,108),(0,126,194),(0,94,171),(0,103,182),(0,109,168),(0,53,124),
(0,42,107),(0,126,195),(0,94,172),(0,103,182),(0,109,169),(0,53,124),
(0,21,53),(0,30,79),(0,33,83),(0,36,91),(0,37,83),(0,28,70),
}
{
(1,11,24),(2,12,29),(1,15,34),(0,15,39),(0,13,33),(0,13,32),
(0,22,54),(0,33,83),(0,36,87),(0,75,119),(0,62,99),(0,26,65),
(0,22,55),(0,34,82),(0,36,88),(0,77,119),(0,62,99),(0,26,65),
(2,11,23),(3,13,28),(1,16,34),(0,16,39),(0,14,33),(2,14,31),
}
{
(0,3,6),(3,7,10),(1,5,9),(0,3,9),(0,4,9),(0,3,7),
(3,8,15),(11,22,34),(7,18,29),(0,18,45),(3,17,38),(3,10,16),
(3,9,15),(12,22,34),(9,17,30),(0,18,45),(4,18,38),(4,10,17),
(0,3,6),(4,8,11),(1,5,9),(0,4,9),(0,4,9),(0,2,6),
}
{
(0,6,22),(0,5,14),(0,5,17),(0,4,13),(0,3,9),(0,2,10),
(3,10,26),(8,11,13),(7,14,22),(7,17,30),(5,11,20),(4,9,16),
(2,9,27),(9,12,14),(8,15,22),(8,18,32),(6,12,20),(5,10,16),
(0,6,22),(1,6,15),(0,5,16),(0,4,13),(1,4,9),(0,2,9),
}
{
(0,26,77),(0,24,69),(0,22,59),(0,14,42),(0,11,34),(0,10,27),
(0,16,65),(0,19,65),(0,21,59),(0,18,53),(0,18,52),(3,15,32),
(0,17,66),(0,19,66),(0,21,59),(0,18,53),(0,18,53),(3,15,32),
(0,26,78),(0,25,69),(0,22,58),(0,14,42),(0,11,32),(0,10,27),
}
{
(0,62,157),(0,49,156),(0,62,145),(0,46,108),(0,39,94),(0,43,89),
(0,56,116),(0,32,128),(0,61,131),(0,60,117),(0,54,116),(0,43,87),
(0,56,117),(0,32,128),(0,61,131),(0,60,117),(0,54,116),(0,43,87),
(0,63,158),(0,49,155),(0,62,144),(0,48,108),(0,37,89),(0,43,89),
}
{
(0,101,185),(0,113,206),(0,122,198),(0,91,162),(0,91,156),(0,85,135),
(0,96,145),(0,137,201),(0,130,191),(0,96,138),(0,123,154),(0,84,120),
(0,99,146),(0,137,201),(0,130,191),(0,97,139),(0,120,154),(0,84,120),
(0,105,186),(0,108,204),(0,122,198),(0,93,161),(0,84,149),(0,84,134),
}
{
(0,95,168),(0,119,204),(0,130,212),(0,112,198),(0,111,197),(0,105,175),
(0,112,161),(0,173,226),(0,151,212),(0,122,198),(0,135,199),(0,93,148),
(0,113,162),(0,173,226),(0,152,213),(0,122,198),(0,135,199),(0,93,148),
(0,94,166),(0,113,201),(0,134,212),(0,111,197),(0,101,191),(0,105,175),
}
{
(0,89,162),(0,112,188),(0,128,197),(0,105,180),(0,103,178),(0,98,164),
(0,116,175),(0,214,234),(0,182,223),(0,134,212),(0,163,209),(0,100,158),
(0,117,176),(0,215,235),(0,185,223),(0,134,212),(0,167,209),(0,100,158),
(0,90,160),(0,106,183),(0,127,196),(0,104,179),(0,98,169),(0,98,164),
}
{
(0,77,150),(0,104,179),(0,127,191),(0,106,177),(0,102,176),(0,97,162),
(0,109,169),(0,211,235),(0,184,221),(0,166,212),(0,181,213),(0,101,160),
(0,110,170),(0,214,234),(0,184,221),(0,166,212),(0,181,214),(0,101,160),
(0,79,149),(0,101,174),(0,127,191),(0,106,177),(0,97,167),(0,93,161),
}
{
(0,62,144),(0,94,172),(0,109,188),(0,91,178),(0,91,171),(0,75,161),
(0,100,182),(0,214,238),(0,184,230),(0,165,225),(0,182,223),(0,92,174),
(0,103,182),(0,214,238),(0,186,228),(0,165,225),(0,182,223),(0,92,174),
(0,61,143),(0,91,166),(0,109,188),(0,91,177),(0,86,163),(0,77,160),
}
{
(0,50,133),(0,99,175),(0,86,178),(0,70,168),(0,77,160),(0,54,137),
(0,95,185),(0,219,239),(0,156,223),(0,133,222),(0,159,217),(0,70,157),
(0,95,185),(0,220,240),(0,156,223),(0,133,222),(0,159,217),(0,70,156),
(0,50,133),(0,93,170),(0,86,178),(0,69,167),(0,74,155),(0,56,136),
}
{
(0,40,106),(0,57,139),(0,63,158),(0,64,162),(0,64,149),(0,48,131),
(0,107,196),(0,168,235),(0,135,232),(0,140,234),(0,150,225),(0,81,188),
(0,107,196),(0,168,235),(0,139,232),(0,140,234),(0,149,224),(0,81,188),
(0,40,105),(0,57,138),(0,63,158),(0,64,162),(0,63,147),(0,49,130),
}
{
(0,21,53),(0,32,80),(0,33,83),(0,36,92),(0,37,83),(0,29,71),
(0,41,108),(0,126,194),(0,94,171),(0,102,181),(0,109,169),(0,53,124),
(0,42,107),(0,126,194),(0,94,172),(0,103,182),(0,109,169),(0,53,123),
(0,22,53),(0,32,80),(0,33,83),(0,36,91),(0,35,83),(0,28,70),
}
{
(2,11,23),(2,13,29),(1,15,34),(0,15,39),(0,14,33),(0,13,32),
(0,22,54),(0,34,82),(0,36,87),(0,76,118),(0,62,99),(0,24,65),
(0,21,54),(0,34,82),(0,37,89),(0,76,118),(0,62,99),(0,24,65),
(2,11,23),(3,13,28),(1,16,34),(0,16,39),(0,14,33),(2,14,31),
}
{
(0,3,6),(3,7,11),(1,5,9),(0,3,9),(0,4,9),(0,3,7),
(2,8,15),(11,22,34),(8,17,29),(0,16,45),(3,17,38),(3,10,17),
(3,9,15),(12,22,34),(9,18,30),(0,17,45),(4,18,38),(4,10,17),
(0,3,6),(4,8,11),(1,5,9),(0,4,9),(0,4,9),(0,3,7),
}
{
(0,6,22),(0,5,14),(0,5,16),(0,4,13),(0,3,9),(0,2,9),
(3,9,26),(8,11,13),(7,14,21),(6,17,30),(5,11,20),(4,10,16),
(2,9,27),(9,12,14),(9,15,22),(8,17,31),(6,12,20),(5,10,16),
(0,6,22),(1,6,14),(0,5,16),(0,4,12),(1,4,9),(0,2,8),
}
{
(0,23,68),(0,27,72),(0,66,103),(0,21,65),(0,16,46),(0,12,34),
(0,19,61),(0,20,69),(0,67,94),(0,22,70),(0,19,59),(1,13,34),
(0,18,62),(0,21,69),(0,68,95),(0,22,71),(0,20,59),(2,15,34),
(0,24,68),(0,27,72),(0,68,102),(0,21,65),(0,16,44),(0,12,33),
}
{
(0,62,149),(0,66,166),(0,78,168),(0,63,136),(0,45,114),(0,47,98),
(0,60,117),(0,63,136),(0,65,136),(0,70,125),(0,59,123),(0,44,89),
(0,62,118),(0,63,136),(0,63,137),(0,70,125),(0,59,123),(0,46,90),
(0,62,150),(0,66,165),(0,77,167),(0,63,135),(0,45,108),(0,46,97),
}
{
(0,99,181),(0,114,208),(0,120,206),(0,102,186),(0,95,174),(0,89,145),
(0,99,146),(0,138,202),(0,121,192),(0,96,144),(0,123,158),(0,83,125),
(0,100,147),(0,137,201),(0,122,193),(0,98,144),(0,123,158),(0,84,124),
(0,100,183),(0,109,205),(0,116,206),(0,101,184),(0,89,168),(0,88,144),
}
{
(0,94,167),(0,117,202),(0,133,211),(0,111,197),(0,112,198),(0,103,177),
(0,110,161),(0,174,227),(0,152,213),(0,122,199),(0,136,200),(0,94,149),
(0,110,162),(0,173,226),(0,152,213),(0,122,199),(0,135,199),(0,94,149),
(0,95,164),(0,112,198),(0,133,211),(0,111,197),(0,102,192),(0,105,176),
}
{
(0,89,162),(0,109,188),(0,128,198),(0,105,181),(0,103,177),(0,97,162),
(0,118,177),(0,215,235),(0,185,223),(0,134,213),(0,163,209),(0,100,158),
(0,118,178),(0,215,235),(0,186,224),(0,134,212),(0,167,209),(0,100,158),
(0,91,161),(0,107,184),(0,128,197),(0,105,180),(0,98,168),(0,97,163),
}
{
(0,79,149),(0,107,179),(0,127,191),(0,106,177),(0,103,177),(0,97,162),
(0,109,169),(0,211,235),(0,184,221),(0,166,212),(0,181,213),(0,101,160),
(0,110,170),(0,211,235),(0,184,221),(0,166,213),(0,181,214),(0,101,160),
(0,81,148),(0,101,174),(0,126,190),(0,105,176),(0,98,168),(0,96,161),
}
{
(0,64,143),(0,96,171),(0,99,186),(0,94,178),(0,92,173),(0,77,161),
(0,103,182),(0,214,238),(0,174,228),(0,168,225),(0,185,223),(0,95,174),
(0,105,181),(0,214,238),(0,174,227),(0,169,226),(0,185,223),(0,95,174),
(0,63,142),(0,91,166),(0,99,186),(0,94,178),(0,87,164),(0,77,161),
}
{
(0,52,130),(0,80,167),(0,89,186),(0,71,171),(0,77,161),(0,57,139),
(0,94,183),(0,198,233),(0,163,228),(0,133,223),(0,160,219),(0,71,158),
(0,94,183),(0,194,233),(0,164,230),(0,133,223),(0,159,218),(0,71,158),
(0,49,130),(0,76,163),(0,89,186),(0,71,171),(0,75,157),(0,57,138),
}
{
(0,40,106),(0,55,134),(0,54,136),(0,64,162),(0,64,149),(0,47,130),
(0,108,197),(0,166,233),(0,124,202),(0,139,233),(0,150,225),(0,78,189),
(0,108,197),(0,166,233),(0,124,202),(0,140,234),(0,150,225),(0,78,189),
(0,39,107),(0,55,134),(0,54,135),(0,64,162),(0,63,147),(0,49,130),
}
{
(0,21,53),(0,28,70),(0,33,83),(0,36,92),(0,37,83),(0,28,71),
(0,41,107),(0,99,161),(0,94,172),(0,103,182),(0,109,169),(0,53,124),
(0,42,106),(0,96,161),(0,94,172),(0,103,182),(0,109,169),(0,53,124),
(0,21,53),(0,27,69),(0,32,82),(0,36,91),(0,37,83),(0,29,70),
}
{
(2,11,24),(2,12,28),(1,15,34),(0,16,40),(0,14,33),(0,13,32),
(0,22,54),(0,33,83),(0,37,89),(0,75,119),(0,62,99),(0,26,65),
(0,21,54),(0,33,83),(0,37,89),(0,77,119),(0,62,99),(0,24,65),
(2,11,23),(2,13,29),(1,16,33),(0,16,39),(0,14,33),(0,13,31),
}
{
(0,3,6),(3,7,10),(1,5,9),(0,3,9),(0,4,9),(0,3,7),
(3,8,15),(11,22,34),(8,17,30),(0,18,45),(3,18,38),(3,10,17),
(3,9,15),(12,22,34),(9,17,30),(0,18,45),(4,18,39),(4,10,17),
(0,3,5),(4,8,11),(1,5,9),(0,4,9),(0,4,9),(0,3,7),
}
{
(0,6,20),(0,6,16),(0,26,59),(0,6,20),(0,4,12),(0,3,11),
(2,10,25),(8,11,15),(0,30,61),(4,14,37),(5,11,22),(4,10,16),
(3,11,26),(8,11,15),(0,31,62),(5,15,37),(6,12,22),(5,10,16),
(0,5,20),(2,6,16),(0,26,59),(0,6,20),(0,4,11),(0,2,10),
}
{
(0,23,68),(0,27,75),(0,67,104),(0,22,66),(0,16,46),(0,12,33),
(0,18,60),(0,23,73),(0,66,95),(0,22,70),(0,20,60),(1,13,34),
(0,18,61),(0,24,73),(0,68,95),(0,21,71),(0,20,59),(2,15,34),
(0,24,68),(0,28,74),(0,66,103),(0,21,65),(0,16,44),(0,12,33),
}
{
(0,60,150),(0,66,166),(0,78,168),(0,65,135),(0,47,113),(0,47,98),
(0,60,117),(0,63,135),(0,65,136),(0,70,124),(0,58,122),(0,44,89),
(0,60,118),(0,63,135),(0,63,136),(0,70,125),(0,58,122),(0,46,90),
(0,62,150),(0,65,164),(0,77,167),(0,65,135),(0,45,108),(0,46,97),
}
{
(0,101,185),(0,109,206),(0,121,197),(0,91,161),(0,90,155),(0,85,135),
(0,96,145),(0,138,202),(0,130,191),(0,97,139),(0,123,154),(0,82,121),
(0,97,146),(0,137,201),(0,131,192),(0,97,139),(0,123,154),(0,84,121),
(0,102,186),(0,108,204),(0,121,197),(0,93,161),(0,83,148),(0,84,134),
}
{
(0,94,166),(0,119,204),(0,130,211),(0,111,196),(0,111,197),(0,105,175),
(0,110,161),(0,173,226),(0,151,212),(0,122,198),(0,135,198),(0,93,148),
(0,113,162),(0,173,226),(0,152,213),(0,122,198),(0,135,199),(0,93,148),
(0,96,166),(0,113,200),(0,133,211),(0,110,195),(0,101,191),(0,104,174),
}
{
(0,88,161),(0,109,187),(0,128,198),(0,105,181),(0,103,178),(0,98,164),
(0,117,176),(0,215,235),(0,182,224),(0,134,212),(0,167,209),(0,100,158),
(0,117,176),(0,215,235),(0,186,224),(0,137,212),(0,167,209),(0,100,158),
(0,90,159),(0,106,182),(0,127,196),(0,105,181),(0,98,169),(0,98,164),
}
{
(0,80,150),(0,105,180),(0,117,191),(0,106,177),(0,103,177),(0,98,164),
(0,109,168),(0,210,234),(0,179,220),(0,162,212),(0,181,213),(0,101,160),
(0,110,170),(0,210,234),(0,180,221),(0,162,212),(0,181,213),(0,101,160),
(0,79,149),(0,101,174),(0,117,191),(0,106,177),(0,98,168),(0,97,162),
}
{
(0,61,142),(0,91,171),(0,99,187),(0,94,178),(0,91,172),(0,78,162),
(0,103,182),(0,213,237),(0,174,228),(0,168,225),(0,185,223),(0,96,175),
(0,103,182),(0,213,237),(0,174,228),(0,168,225),(0,185,223),(0,96,175),
(0,61,143),(0,87,164),(0,99,186),(0,94,178),(0,87,164),(0,77,161),
}
{
(0,52,132),(0,81,169),(0,90,187),(0,71,171),(0,77,160),(0,56,136),
(0,96,186),(0,198,233),(0,161,230),(0,133,223),(0,159,218),(0,71,158),
(0,95,185),(0,194,233),(0,164,230),(0,133,223),(0,159,217),(0,71,158),
(0,52,132),(0,76,164),(0,89,186),(0,71,171),(0,74,155),(0,54,137),
}
{
(0,40,106),(0,55,134),(0,54,135),(0,64,162),(0,64,149),(0,49,130),
(0,105,197),(0,166,233),(0,123,201),(0,140,234),(0,150,225),(0,82,190),
(0,108,197),(0,166,233),(0,123,201),(0,144,234),(0,150,225),(0,78,189),
(0,38,106),(0,52,132),(0,53,134),(0,64,162),(0,61,148),(0,49,129),
}
{
(0,21,53),(0,28,70),(0,29,77),(0,36,92),(0,37,83),(0,28,71),
(0,41,107),(0,97,162),(0,90,165),(0,103,182),(0,109,169),(0,53,124),
(0,41,107),(0,96,161),(0,90,165),(0,103,183),(0,109,169),(0,54,125),
(0,21,52),(0,28,70),(0,30,77),(0,36,92),(0,35,83),(0,28,70),
}
{
(0,8,21),(0,10,26),(0,18,45),(0,14,35),(0,12,31),(0,11,27),
(0,19,50),(0,30,77),(0,42,105),(0,73,113),(0,58,95),(0,22,61),
(0,20,49),(0,31,78),(0,42,106),(0,72,114),(0,58,95),(0,22,61),
(1,9,21),(1,11,26),(0,18,45),(0,14,35),(0,11,31),(0,11,26),
}
{
(0,4,12),(0,5,13),(0,10,27),(0,6,17),(0,4,13),(0,4,14),
(2,13,31),(4,15,32),(0,16,42),(0,18,51),(0,14,39),(4,13,24),
(3,14,32),(5,16,33),(0,15,43),(0,19,51),(0,13,39),(5,13,24),
(0,4,11),(1,6,13),(0,10,26),(0,6,16),(0,5,12),(0,4,13),
}
{
(0,26,76),(0,24,68),(0,20,57),(0,14,41),(0,11,31),(0,10,26),
(0,16,65),(0,19,65),(0,18,56),(0,19,58),(0,17,52),(3,15,31),
(0,17,66),(0,19,66),(0,19,56),(0,18,59),(0,18,52),(4,15,32),
(0,26,77),(0,24,68),(0,20,56),(0,13,41),(0,10,30),(0,10,26),
}
{
(0,62,155),(0,49,155),(0,64,144),(0,46,107),(0,39,94),(0,43,89),
(0,55,114),(0,31,127),(0,60,130),(0,59,115),(0,53,115),(0,43,87),
(0,56,116),(0,31,127),(0,60,130),(0,59,116),(0,53,115),(0,43,87),
(0,62,157),(0,48,154),(0,64,143),(0,46,107),(0,36,88),(0,42,88),
}
{
(0,100,183),(0,112,205),(0,121,197),(0,90,160),(0,89,154),(0,86,133),
(0,94,142),(0,137,201),(0,129,190),(0,95,136),(0,122,153),(0,83,119),
(0,97,143),(0,137,201),(0,130,191),(0,95,137),(0,122,153),(0,83,119),
(0,101,185),(0,107,202),(0,121,197),(0,92,159),(0,83,148),(0,84,133),
}
{
(0,89,163),(0,115,204),(0,86,172),(0,108,198),(0,111,202),(0,108,181),
(0,105,155),(0,168,224),(0,106,173),(0,117,195),(0,136,200),(0,94,149),
(0,109,156),(0,168,224),(0,106,173),(0,117,196),(0,136,200),(0,94,149),
(0,92,163),(0,110,200),(0,86,172),(0,108,197),(0,101,197),(0,105,180),
}
{
(0,57,138),(0,94,183),(0,130,212),(0,74,172),(0,79,165),(0,52,122),
(0,59,138),(0,171,206),(0,183,225),(0,83,186),(0,115,177),(0,48,107),
(0,60,139),(0,171,206),(0,183,225),(0,83,185),(0,115,178),(0,48,107),
(0,57,137),(0,86,178),(0,130,211),(0,71,171),(0,76,163),(0,50,122),
}
{
(0,78,143),(0,86,158),(0,102,171),(0,99,171),(0,84,154),(0,94,153),
(0,112,169),(0,171,210),(0,150,200),(0,164,214),(0,144,188),(0,101,161),
(0,112,169),(0,174,209),(0,150,200),(0,164,214),(0,144,188),(0,101,161),
(0,80,142),(0,86,157),(0,102,171),(0,99,171),(0,81,149),(0,93,152),
}
{
(0,76,144),(0,98,173),(0,123,190),(0,103,178),(0,101,174),(0,88,157),
(0,98,156),(0,181,209),(0,178,219),(0,166,212),(0,181,214),(0,98,160),
(0,101,156),(0,181,209),(0,178,219),(0,166,212),(0,185,214),(0,100,159),
(0,76,143),(0,91,167),(0,122,189),(0,103,178),(0,96,166),(0,91,156),
}
{
(0,64,149),(0,101,184),(0,105,198),(0,96,186),(0,94,182),(0,84,169),
(0,96,170),(0,172,220),(0,142,214),(0,154,215),(0,168,215),(0,88,166),
(0,96,170),(0,172,220),(0,142,213),(0,155,217),(0,168,215),(0,90,165),
(0,63,147),(0,92,179),(0,105,197),(0,96,187),(0,87,175),(0,81,168),
}
{
(0,53,140),(0,82,177),(0,95,197),(0,79,191),(0,87,180),(0,61,154),
(0,71,179),(0,176,230),(0,168,235),(0,117,228),(0,156,219),(0,67,161),
(0,71,179),(0,176,230),(0,168,235),(0,117,228),(0,156,219),(0,67,161),
(0,52,138),(0,77,173),(0,95,197),(0,79,191),(0,85,176),(0,61,154),
}
{
(0,41,107),(0,55,134),(0,54,135),(0,65,163),(0,65,151),(0,50,131),
(0,105,197),(0,173,236),(0,127,202),(0,147,233),(0,161,230),(0,83,192),
(0,109,199),(0,173,236),(0,127,202),(0,143,233),(0,161,230),(0,82,191),
(0,40,106),(0,55,133),(0,55,134),(0,64,162),(0,64,149),(0,48,131),
}
{
(0,21,53),(0,28,70),(0,33,83),(0,37,93),(0,37,84),(0,30,72),
(0,41,107),(0,99,165),(0,95,174),(0,107,185),(0,118,173),(0,57,128),
(0,42,107),(0,98,164),(0,98,174),(0,107,185),(0,118,174),(0,55,129),
(0,21,53),(0,28,70),(0,31,83),(0,37,93),(0,37,84),(0,28,71),
}
{
(2,11,24),(2,12,29),(0,11,29),(0,16,40),(0,14,33),(0,13,32),
(0,22,55),(0,32,86),(0,33,84),(0,72,121),(0,59,102),(0,25,69),
(0,22,55),(0,34,85),(0,34,85),(0,74,121),(0,59,102),(0,25,70),
(2,11,24),(3,13,28),(0,11,29),(0,16,40),(0,14,33),(0,13,32),
}
{
(0,1,4),(0,2,5),(1,3,7),(0,2,6),(0,3,7),(0,1,5),
(5,13,24),(11,25,47),(16,25,34),(5,19,38),(0,18,42),(5,9,13),
(6,13,24),(9,24,46),(15,23,33),(10,23,39),(0,18,43),(5,10,13),
(1,1,4),(2,3,5),(0,2,6),(0,2,5),(1,3,7),(0,1,4),
}
{
(0,0,3),(1,2,5),(0,1,6),(0,1,5),(0,1,4),(0,0,4),
(4,10,15),(17,24,30),(14,19,22),(10,17,25),(9,16,25),(5,9,11),
(5,11,16),(16,23,29),(15,20,23),(11,19,26),(9,16,25),(5,10,11),
(1,1,3),(2,3,4),(1,2,5),(1,2,4),(2,2,4),(0,1,3),
}
{
(0,2,7),(1,1,5),(0,3,12),(0,2,9),(1,3,8),(0,2,9),
(5,11,18),(17,22,26),(11,19,27),(14,22,28),(11,17,24),(4,10,16),
(6,12,19),(16,21,25),(12,20,27),(14,21,28),(11,17,24),(5,11,16),
(1,3,7),(2,3,5),(0,4,11),(0,3,9),(2,4,7),(1,4,9),
}
{
(0,2,11),(0,4,14),(0,23,56),(0,3,13),(0,3,11),(0,2,9),
(5,11,21),(8,17,36),(0,32,70),(14,22,32),(8,16,30),(5,10,16),
(5,11,21),(9,18,36),(0,31,71),(14,21,31),(8,16,30),(5,11,16),
(0,2,11),(0,5,14),(0,23,55),(0,3,12),(0,3,10),(0,2,9),
}
{
(0,3,11),(0,6,14),(0,8,23),(0,6,16),(0,5,14),(0,6,16),
(4,13,26),(0,16,43),(6,20,41),(8,20,35),(3,16,37),(5,13,24),
(4,14,27),(0,17,44),(8,22,42),(10,21,36),(3,17,38),(6,14,24),
(0,3,12),(2,6,14),(1,8,23),(1,5,16),(1,5,13),(0,5,16),
}
{
(0,18,49),(0,22,59),(0,65,91),(0,16,46),(0,13,37),(0,9,24),
(0,15,44),(0,25,75),(0,67,96),(0,18,54),(0,17,56),(4,14,28),
(0,15,45),(0,23,75),(0,67,97),(0,18,54),(0,17,56),(5,15,29),
(0,18,49),(0,22,59),(0,63,91),(0,16,46),(0,12,35),(0,9,24),
}
{
(0,22,61),(0,24,63),(0,40,83),(0,30,68),(0,26,64),(0,34,71),
(0,37,84),(0,47,113),(0,49,102),(0,45,95),(0,45,102),(0,35,73),
(0,38,85),(0,48,113),(0,48,103),(0,46,96),(0,44,102),(0,37,74),
(0,22,61),(0,25,63),(0,39,82),(0,31,69),(0,23,57),(0,33,71),
}
{
(0,45,125),(0,57,150),(0,79,159),(0,47,119),(0,41,107),(0,34,89),
(0,44,106),(0,73,169),(0,80,160),(0,51,129),(0,66,148),(0,35,92),
(0,42,107),(0,73,169),(0,80,160),(0,52,130),(0,64,149),(0,35,92),
(0,46,126),(0,56,147),(0,78,157),(0,47,119),(0,38,101),(0,33,88),
}
{
(0,62,110),(0,75,138),(0,92,150),(0,71,123),(0,70,129),(0,75,116),
(0,82,115),(0,130,195),(0,110,175),(0,88,147),(0,105,163),(0,73,108),
(0,83,116),(0,130,195),(0,109,177),(0,88,147),(0,105,163),(0,74,107),
(0,63,108),(0,73,133),(0,92,150),(0,71,122),(0,65,119),(0,76,115),
}
{
(0,81,168),(0,107,201),(0,113,201),(0,92,174),(0,90,164),(0,80,134),
(0,89,141),(0,180,225),(0,148,212),(0,110,184),(0,142,194),(0,82,131),
(0,91,141),(0,180,225),(0,148,212),(0,110,184),(0,145,194),(0,82,131),
(0,83,167),(0,102,199),(0,110,201),(0,95,173),(0,85,156),(0,80,134),
}
{
(0,83,147),(0,109,182),(0,124,191),(0,100,172),(0,100,177),(0,94,157),
(0,103,152),(0,198,233),(0,167,218),(0,141,202),(0,161,210),(0,93,151),
(0,103,152),(0,198,233),(0,167,218),(0,141,202),(0,161,210),(0,93,151),
(0,85,146),(0,103,177),(0,126,190),(0,102,171),(0,95,168),(0,93,156),
}
{
(0,77,140),(0,103,172),(0,124,186),(0,100,172),(0,103,172),(0,95,155),
(0,108,162),(0,217,237),(0,191,225),(0,166,213),(0,184,217),(0,105,166),
(0,107,161),(0,217,237),(0,191,225),(0,166,213),(0,185,218),(0,105,166),
(0,78,138),(0,99,166),(0,123,185),(0,102,170),(0,95,163),(0,94,154),
}
{
(0,53,129),(0,83,162),(0,100,177),(0,77,160),(0,80,161),(0,67,145),
(0,79,154),(0,186,233),(0,163,218),(0,127,202),(0,154,210),(0,70,150),
(0,80,155),(0,190,233),(0,163,218),(0,129,204),(0,154,210),(0,70,150),
(0,53,129),(0,78,156),(0,102,176),(0,76,159),(0,72,151),(0,67,145),
}
{
(0,63,146),(0,83,172),(0,97,182),(0,76,164),(0,76,158),(0,62,145),
(0,89,167),(0,192,236),(0,172,225),(0,139,214),(0,162,217),(0,73,163),
(0,89,168),(0,192,236),(0,173,226),(0,139,214),(0,161,215),(0,73,163),
(0,65,146),(0,83,167),(0,97,182),(0,76,164),(0,72,150),(0,64,144),
}
{
(0,55,134),(0,94,166),(0,103,183),(0,86,173),(0,90,169),(0,72,156),
(0,96,176),(0,220,241),(0,188,231),(0,159,223),(0,182,223),(0,93,180),
(0,96,176),(0,220,240),(0,188,231),(0,159,223),(0,182,223),(0,93,180),
(0,55,134),(0,88,160),(0,103,183),(0,86,173),(0,82,160),(0,72,156),
}
{
(0,49,128),(0,68,152),(0,82,176),(0,70,168),(0,70,156),(0,60,152),
(0,102,193),(0,198,243),(0,165,236),(0,148,235),(0,171,228),(0,96,199),
(0,99,193),(0,198,243),(0,165,236),(0,148,234),(0,171,228),(0,96,200),
(0,47,129),(0,66,148),(0,81,175),(0,70,168),(0,67,150),(0,60,151),
}
{
(0,22,65),(0,51,110),(0,45,114),(0,37,101),(0,47,106),(0,30,82),
(0,58,129),(0,162,227),(0,111,196),(0,99,181),(0,132,198),(0,43,123),
(0,58,129),(0,161,225),(0,111,197),(0,100,182),(0,132,198),(0,43,123),
(0,23,66),(0,50,105),(0,45,113),(0,37,101),(0,45,100),(0,28,81),
}
{
(0,21,62),(0,30,79),(0,39,102),(0,33,90),(0,32,85),(0,27,74),
(0,74,139),(0,120,207),(0,87,188),(0,97,183),(0,115,192),(0,53,133),
(0,74,139),(0,120,207),(0,88,189),(0,98,184),(0,117,191),(0,53,133),
(0,21,61),(0,31,78),(0,39,102),(0,33,90),(0,33,83),(0,26,73),
}
{
(0,7,22),(0,10,32),(0,13,40),(0,11,35),(0,14,42),(0,9,29),
(0,25,66),(0,55,132),(0,36,100),(0,44,103),(0,55,132),(0,14,49),
(0,26,66),(0,55,133),(0,38,101),(0,44,103),(0,55,133),(0,14,50),
(0,8,22),(0,10,31),(0,12,40),(0,11,35),(0,13,41),(0,9,28),
}
{
(0,7,21),(0,10,28),(0,12,33),(0,12,34),(0,11,30),(0,9,27),
(0,34,77),(0,38,105),(0,25,73),(0,61,100),(0,58,122),(0,18,55),
(0,35,77),(0,38,106),(0,24,74),(0,63,100),(0,58,122),(0,18,55),
(0,8,21),(0,10,28),(0,12,32),(0,12,33),(0,11,30),(0,9,27),
}
{
(0,1,4),(0,3,8),(0,3,9),(0,2,6),(0,3,8),(0,1,5),
(5,11,19),(0,18,47),(8,19,35),(9,20,32),(0,16,42),(5,9,12),
(6,12,20),(0,18,48),(11,22,35),(11,21,33),(0,16,43),(6,10,13),
(1,2,4),(2,4,9),(0,2,9),(1,2,6),(2,4,9),(1,1,5),
}
{
(0,1,4),(1,3,7),(4,7,9),(0,2,6),(0,3,6),(0,1,5),
(5,13,23),(3,17,38),(21,29,35),(9,22,38),(0,15,41),(5,10,13),
(6,14,24),(5,19,39),(19,26,33),(11,24,39),(0,16,42),(6,10,13),
(1,1,4),(2,4,7),(1,4,7),(0,2,6),(1,3,6),(0,1,4),
}
{
(2,1,3),(2,2,5),(4,5,7),(3,3,5),(1,2,5),(2,2,3),
(12,16,15),(16,24,32),(21,28,31),(16,24,28),(12,20,29),(9,13,13),
(10,13,15),(14,22,31),(18,25,30),(15,23,28),(11,18,28),(9,13,13),
(1,2,2),(2,3,4),(2,3,5),(2,3,3),(2,3,4),(1,2,2),
}
{
(2,2,3),(2,2,4),(5,6,7),(2,4,5),(2,2,4),(2,2,3),
(11,15,16),(19,25,28),(28,34,34),(17,25,31),(17,24,31),(9,13,13),
(9,13,15),(17,22,26),(22,28,30),(15,23,30),(13,21,29),(9,13,13),
(1,2,2),(2,3,3),(2,3,4),(2,3,3),(2,2,3),(1,2,2),
}
{
(2,2,3),(2,2,4),(1,2,5),(3,3,4),(2,2,3),(2,2,3),
(12,16,15),(23,29,29),(18,23,25),(18,23,23),(17,22,22),(9,12,12),
(10,14,14),(19,24,26),(16,21,23),(16,21,23),(14,19,21),(9,12,12),
(1,2,2),(2,3,3),(1,2,4),(2,3,3),(2,2,2),(1,2,2),
}
{
(0,1,4),(0,2,4),(1,3,6),(0,2,5),(0,1,3),(0,0,4),
(5,8,12),(24,29,31),(20,25,27),(11,15,19),(14,19,20),(5,9,10),
(6,9,12),(19,24,28),(18,23,25),(12,17,20),(13,18,20),(6,9,11),
(1,1,4),(2,3,5),(1,2,5),(1,2,4),(2,2,3),(0,1,3),
}
{
(0,3,14),(0,3,10),(0,5,16),(0,4,12),(0,3,9),(0,3,10),
(5,11,23),(20,26,32),(12,20,30),(13,22,30),(11,17,26),(5,11,17),
(5,12,23),(17,23,30),(13,21,30),(14,22,31),(10,18,26),(5,11,17),
(0,4,13),(0,4,10),(0,5,16),(0,4,12),(1,4,9),(0,3,10),
}
{
(0,20,57),(0,21,55),(0,19,51),(0,12,34),(0,10,28),(0,9,24),
(0,16,49),(0,21,65),(0,19,57),(0,19,51),(0,19,52),(3,14,30),
(0,15,50),(0,22,64),(0,19,57),(0,18,51),(0,18,52),(4,15,30),
(0,20,57),(0,20,55),(0,19,51),(0,12,34),(0,9,26),(0,8,23),
}
{
(0,51,129),(0,47,142),(0,73,153),(0,56,117),(0,44,102),(0,45,90),
(0,55,104),(0,38,136),(0,64,138),(0,71,119),(0,60,121),(0,46,88),
(0,57,104),(0,38,136),(0,66,138),(0,71,119),(0,60,121),(0,46,87),
(0,52,127),(0,46,140),(0,75,151),(0,58,117),(0,40,97),(0,45,90),
}
{
(0,88,172),(0,108,204),(0,115,204),(0,94,178),(0,92,168),(0,86,140),
(0,91,134),(0,136,200),(0,122,193),(0,102,166),(0,126,173),(0,82,123),
(0,91,134),(0,136,200),(0,122,194),(0,102,166),(0,126,173),(0,83,122),
(0,88,171),(0,103,200),(0,114,202),(0,97,177),(0,89,162),(0,86,140),
}
{
(0,89,158),(0,114,197),(0,132,204),(0,104,185),(0,106,188),(0,102,166),
(0,102,150),(0,175,224),(0,155,212),(0,117,190),(0,136,195),(0,92,142),
(0,105,150),(0,175,224),(0,155,212),(0,117,190),(0,136,195),(0,92,142),
(0,88,156),(0,113,194),(0,129,204),(0,104,184),(0,99,180),(0,99,165),
}
{
(0,81,152),(0,112,193),(0,131,208),(0,113,195),(0,114,196),(0,102,175),
(0,102,157),(0,205,233),(0,182,223),(0,131,208),(0,160,209),(0,98,155),
(0,104,157),(0,205,233),(0,182,223),(0,131,207),(0,163,209),(0,97,154),
(0,82,150),(0,106,188),(0,130,206),(0,113,194),(0,104,190),(0,104,174),
}
{
(0,59,154),(0,89,186),(0,102,199),(0,80,185),(0,86,178),(0,68,164),
(0,83,185),(0,194,238),(0,176,230),(0,125,222),(0,158,221),(0,70,168),
(0,83,185),(0,194,238),(0,177,231),(0,125,221),(0,158,221),(0,70,168),
(0,58,153),(0,87,182),(0,102,199),(0,82,184),(0,82,170),(0,68,165),
}
{
(0,42,112),(0,72,151),(0,85,177),(0,75,175),(0,83,167),(0,56,140),
(0,90,180),(0,191,239),(0,172,235),(0,150,232),(0,180,231),(0,77,178),
(0,90,181),(0,190,238),(0,173,236),(0,150,232),(0,180,231),(0,77,178),
(0,43,113),(0,67,145),(0,88,177),(0,76,176),(0,81,162),(0,56,140),
}
{
(0,39,104),(0,55,132),(0,64,154),(0,64,160),(0,66,148),(0,48,127),
(0,107,195),(0,175,239),(0,153,236),(0,147,233),(0,170,232),(0,85,191),
(0,106,194),(0,174,238),(0,150,237),(0,146,232),(0,170,232),(0,85,191),
(0,39,104),(0,54,130),(0,61,154),(0,63,159),(0,66,147),(0,48,127),
}
{
(0,21,54),(0,28,70),(0,34,86),(0,37,91),(0,36,84),(0,28,72),
(0,54,126),(0,132,198),(0,103,182),(0,109,188),(0,129,194),(0,59,138),
(0,55,128),(0,131,197),(0,103,182),(0,109,188),(0,128,192),(0,59,137),
(0,20,53),(0,27,69),(0,33,84),(0,37,90),(0,37,84),(0,28,71),
}
{
(1,8,18),(0,9,25),(3,14,31),(1,13,30),(0,10,28),(1,9,23),
(0,22,56),(0,40,110),(0,37,93),(0,66,100),(0,64,121),(0,19,51),
(0,21,56),(0,41,108),(0,34,89),(0,65,100),(0,62,121),(0,19,51),
(0,7,18),(2,10,24),(1,11,28),(1,12,29),(0,10,27),(0,9,23),
}
{
(0,1,4),(2,4,5),(1,3,7),(0,2,6),(0,3,7),(0,2,5),
(5,13,24),(24,36,48),(15,24,33),(5,19,38),(5,20,41),(5,9,12),
(6,14,24),(17,29,45),(15,23,32),(10,23,39),(5,20,41),(5,10,13),
(1,1,4),(3,3,5),(0,2,6),(0,2,6),(1,3,7),(0,1,5),
}
{
(0,2,12),(0,3,10),(0,4,14),(0,3,10),(0,2,8),(0,2,8),
(3,9,21),(16,24,33),(11,19,27),(7,16,29),(8,15,27),(4,10,15),
(4,10,22),(15,22,31),(12,20,28),(9,18,30),(8,15,27),(5,10,15),
(0,3,12),(1,4,10),(0,4,13),(0,3,10),(1,3,8),(1,3,8),
}
{
(0,21,58),(0,20,56),(0,19,51),(0,11,34),(0,10,28),(0,9,24),
(0,16,50),(0,22,66),(0,20,57),(0,19,51),(0,19,53),(3,14,31),
(0,15,51),(0,21,65),(0,19,57),(0,18,50),(0,19,52),(3,15,30),
(0,21,58),(0,20,56),(0,19,50),(0,11,34),(0,9,26),(0,8,23),
}
{
(0,53,140),(0,42,135),(0,58,130),(0,43,96),(0,36,85),(0,39,82),
(0,53,106),(0,33,134),(0,61,131),(0,58,113),(0,54,117),(0,42,85),
(0,53,106),(0,33,134),(0,61,132),(0,58,113),(0,54,117),(0,42,85),
(0,55,139),(0,42,133),(0,58,129),(0,42,95),(0,32,79),(0,39,82),
}
{
(0,93,176),(0,106,199),(0,119,189),(0,89,153),(0,88,151),(0,85,132),
(0,92,136),(0,138,198),(0,131,188),(0,100,159),(0,127,166),(0,84,118),
(0,93,137),(0,138,198),(0,132,189),(0,102,158),(0,127,166),(0,84,118),
(0,94,177),(0,104,195),(0,116,189),(0,88,152),(0,81,143),(0,82,131),
}
{
(0,91,161),(0,116,200),(0,131,208),(0,108,191),(0,108,192),(0,102,170),
(0,105,155),(0,171,224),(0,150,210),(0,115,193),(0,133,195),(0,91,144),
(0,106,156),(0,170,223),(0,151,211),(0,115,193),(0,136,195),(0,91,144),
(0,90,160),(0,111,196),(0,131,207),(0,108,191),(0,99,186),(0,102,170),
}
{
(0,85,155),(0,110,184),(0,128,192),(0,102,175),(0,103,173),(0,96,161),
(0,113,170),(0,214,234),(0,185,222),(0,132,209),(0,164,206),(0,97,154),
(0,114,171),(0,214,234),(0,185,223),(0,132,209),(0,164,206),(0,97,154),
(0,87,155),(0,105,180),(0,128,192),(0,102,175),(0,96,166),(0,96,160),
}
{
(0,76,144),(0,103,177),(0,125,188),(0,103,173),(0,103,172),(0,94,158),
(0,106,164),(0,213,233),(0,182,219),(0,161,211),(0,180,212),(0,99,157),
(0,107,165),(0,210,234),(0,183,220),(0,161,210),(0,180,212),(0,100,158),
(0,78,143),(0,99,171),(0,125,188),(0,103,173),(0,95,164),(0,94,158),
}
{
(0,60,139),(0,95,168),(0,107,185),(0,87,174),(0,89,168),(0,73,158),
(0,97,177),(0,214,238),(0,181,227),(0,163,223),(0,181,222),(0,88,172),
(0,97,178),(0,213,237),(0,185,227),(0,163,223),(0,181,222),(0,91,171),
(0,59,138),(0,89,163),(0,107,184),(0,87,174),(0,85,160),(0,75,157),
}
{
(0,48,127),(0,96,171),(0,84,174),(0,70,163),(0,74,155),(0,55,133),
(0,93,181),(0,219,239),(0,155,222),(0,131,219),(0,156,214),(0,69,154),
(0,93,180),(0,219,239),(0,155,222),(0,131,219),(0,156,214),(0,68,153),
(0,50,126),(0,94,166),(0,83,173),(0,67,163),(0,75,151),(0,55,133),
}
{
(0,39,103),(0,56,136),(0,62,155),(0,63,159),(0,62,145),(0,48,126),
(0,105,192),(0,167,234),(0,141,236),(0,139,233),(0,148,223),(0,79,183),
(0,105,191),(0,167,234),(0,145,236),(0,139,233),(0,148,223),(0,79,183),
(0,39,103),(0,55,134),(0,61,154),(0,63,159),(0,62,144),(0,46,127),
}
{
(0,21,53),(0,27,69),(0,34,85),(0,37,90),(0,35,81),(0,29,71),
(0,58,131),(0,126,190),(0,97,178),(0,107,185),(0,116,179),(0,53,128),
(0,59,132),(0,126,190),(0,97,177),(0,104,184),(0,116,179),(0,53,128),
(0,20,53),(0,27,69),(0,33,84),(0,35,89),(0,36,80),(0,28,71),
}
{
(1,8,19),(0,10,25),(0,12,31),(1,13,30),(0,10,27),(1,10,24),
(0,25,59),(0,40,102),(0,32,82),(0,70,98),(0,63,109),(0,17,46),
(0,25,60),(0,40,101),(0,33,80),(0,68,98),(0,64,108),(0,17,45),
(0,7,18),(2,11,24),(0,12,30),(1,12,29),(0,10,27),(0,9,23),
}
{
(0,1,4),(0,2,5),(0,6,16),(0,2,6),(0,2,7),(0,1,5),
(5,13,24),(13,26,43),(13,26,41),(5,19,38),(6,20,40),(5,9,12),
(6,14,25),(9,23,42),(13,23,40),(10,23,39),(5,19,40),(5,9,12),
(1,2,4),(2,3,6),(0,5,15),(0,2,5),(1,3,6),(0,1,5),
}
{
(0,2,11),(0,3,13),(0,22,53),(0,3,13),(0,2,9),(0,2,9),
(3,9,21),(16,24,37),(0,31,66),(7,17,31),(8,15,27),(4,10,15),
(4,10,22),(14,22,36),(0,32,67),(9,17,32),(8,16,27),(5,10,16),
(0,2,11),(1,4,13),(0,22,52),(0,3,11),(1,4,9),(0,2,8),
}
{
(0,20,54),(0,23,61),(0,64,92),(0,19,50),(0,13,39),(0,11,29),
(0,18,50),(0,26,73),(0,68,91),(0,23,60),(0,19,59),(3,15,32),
(0,18,51),(0,26,72),(0,67,92),(0,22,59),(0,19,58),(3,15,32),
(0,19,54),(0,24,61),(0,64,92),(0,18,50),(0,14,37),(0,10,28),
}
{
(0,55,132),(0,60,150),(0,73,153),(0,57,119),(0,42,102),(0,43,90),
(0,58,109),(0,65,145),(0,64,138),(0,70,121),(0,61,122),(0,45,88),
(0,58,109),(0,65,145),(0,67,139),(0,70,121),(0,59,123),(0,45,88),
(0,55,132),(0,58,147),(0,73,152),(0,57,119),(0,40,97),(0,43,90),
}
{
(0,93,175),(0,108,204),(0,114,202),(0,98,179),(0,94,167),(0,86,140),
(0,94,139),(0,136,200),(0,121,192),(0,102,166),(0,128,171),(0,84,123),
(0,95,140),(0,136,200),(0,121,192),(0,102,167),(0,128,171),(0,84,124),
(0,93,175),(0,107,201),(0,117,201),(0,97,178),(0,89,162),(0,86,140),
}
{
(0,90,160),(0,118,198),(0,131,207),(0,108,191),(0,108,192),(0,102,171),
(0,105,155),(0,171,224),(0,151,211),(0,115,193),(0,133,196),(0,91,145),
(0,109,156),(0,172,225),(0,154,211),(0,116,194),(0,133,196),(0,94,145),
(0,89,158),(0,109,194),(0,131,207),(0,108,191),(0,99,186),(0,102,171),
}
{
(0,85,156),(0,111,185),(0,126,194),(0,103,177),(0,103,173),(0,95,159),
(0,114,172),(0,214,234),(0,185,223),(0,133,210),(0,164,206),(0,100,155),
(0,114,172),(0,214,234),(0,185,223),(0,133,210),(0,164,206),(0,98,155),
(0,87,155),(0,105,180),(0,125,193),(0,102,176),(0,95,164),(0,97,158),
}
{
(0,77,145),(0,105,176),(0,125,188),(0,104,174),(0,103,173),(0,94,158),
(0,106,164),(0,210,234),(0,183,220),(0,161,210),(0,180,212),(0,99,157),
(0,107,165),(0,210,234),(0,184,221),(0,161,210),(0,183,212),(0,100,158),
(0,76,143),(0,99,170),(0,124,187),(0,103,173),(0,95,163),(0,94,158),
}
{
(0,60,139),(0,95,168),(0,107,185),(0,87,174),(0,89,168),(0,75,157),
(0,97,177),(0,214,238),(0,181,227),(0,163,223),(0,181,222),(0,88,172),
(0,97,178),(0,214,238),(0,185,227),(0,163,223),(0,184,221),(0,91,171),
(0,60,139),(0,89,162),(0,107,184),(0,87,174),(0,84,159),(0,73,157),
}
{
(0,50,127),(0,96,170),(0,84,174),(0,68,164),(0,78,156),(0,55,133),
(0,93,180),(0,219,239),(0,155,222),(0,130,218),(0,157,215),(0,68,153),
(0,93,180),(0,219,239),(0,155,222),(0,131,219),(0,156,214),(0,68,153),
(0,50,127),(0,94,166),(0,84,174),(0,70,163),(0,75,151),(0,55,133),
}
{
(0,37,103),(0,56,136),(0,62,155),(0,60,159),(0,62,145),(0,48,126),
(0,105,192),(0,166,233),(0,134,230),(0,139,233),(0,148,223),(0,76,184),
(0,105,192),(0,167,234),(0,134,230),(0,139,233),(0,148,223),(0,79,183),
(0,39,102),(0,55,134),(0,59,154),(0,63,158),(0,62,144),(0,47,125),
}
{
(0,21,53),(0,28,72),(0,34,85),(0,36,90),(0,35,81),(0,29,71),
(0,58,131),(0,116,179),(0,97,178),(0,107,184),(0,117,180),(0,53,129),
(0,59,133),(0,119,179),(0,97,177),(0,107,184),(0,115,178),(0,53,128),
(0,20,53),(0,28,72),(0,33,83),(0,35,89),(0,35,79),(0,28,71),
}
{
(1,8,18),(2,11,25),(3,14,30),(1,13,30),(0,10,27),(1,10,23),
(0,25,59),(0,40,101),(0,36,88),(0,70,98),(0,63,109),(0,18,46),
(0,25,60),(0,40,101),(0,35,85),(0,69,97),(0,63,109),(0,17,46),
(0,7,18),(2,11,24),(0,11,27),(1,12,29),(0,10,27),(1,9,23),
}
{
(0,1,4),(2,4,5),(1,3,8),(0,2,6),(0,3,6),(0,1,5),
(5,13,24),(23,35,48),(16,24,32),(5,19,38),(6,19,40),(5,9,12),
(6,14,25),(17,29,45),(15,23,31),(10,23,39),(6,19,41),(5,10,12),
(1,2,4),(3,3,5),(0,2,6),(1,2,5),(1,3,6),(0,1,5),
}
{
(0,3,12),(0,3,10),(0,4,14),(0,3,10),(0,2,8),(0,2,8),
(3,9,21),(17,24,32),(11,19,28),(7,16,29),(8,14,26),(4,9,14),
(4,10,22),(15,22,31),(12,20,27),(8,17,30),(8,15,26),(5,10,15),
(0,3,12),(1,4,10),(0,4,13),(0,3,10),(2,4,8),(1,3,9),
}
{
(0,22,58),(0,20,57),(0,19,52),(0,11,35),(0,10,28),(0,8,24),
(0,17,49),(0,21,65),(0,20,57),(0,19,52),(0,18,53),(3,14,30),
(0,17,51),(0,22,65),(0,19,57),(0,19,51),(0,19,53),(3,15,30),
(0,20,57),(0,21,55),(0,19,50),(0,12,34),(0,9,26),(0,8,23),
}
{
(0,53,140),(0,40,135),(0,58,131),(0,43,96),(0,36,85),(0,39,82),
(0,51,107),(0,35,134),(0,61,132),(0,58,114),(0,54,117),(0,42,85),
(0,53,107),(0,33,134),(0,61,132),(0,58,113),(0,54,117),(0,42,85),
(0,56,140),(0,42,134),(0,58,129),(0,43,96),(0,32,79),(0,39,81),
}
{
(0,93,176),(0,106,200),(0,116,189),(0,89,153),(0,87,150),(0,85,131),
(0,91,137),(0,138,198),(0,131,188),(0,100,159),(0,127,166),(0,82,118),
(0,94,138),(0,138,198),(0,132,189),(0,100,159),(0,127,166),(0,83,119),
(0,94,177),(0,105,197),(0,116,189),(0,88,152),(0,81,143),(0,84,130),
}
{
(0,91,161),(0,116,200),(0,131,208),(0,108,191),(0,109,193),(0,102,170),
(0,105,155),(0,171,224),(0,151,211),(0,115,193),(0,133,195),(0,91,144),
(0,106,156),(0,171,224),(0,151,211),(0,115,193),(0,136,195),(0,91,144),
(0,91,162),(0,110,195),(0,131,208),(0,108,191),(0,99,186),(0,101,169),
}
{
(0,85,155),(0,110,184),(0,125,193),(0,102,175),(0,101,174),(0,96,161),
(0,113,170),(0,214,234),(0,185,222),(0,131,208),(0,164,206),(0,100,155),
(0,114,171),(0,214,234),(0,185,222),(0,132,209),(0,165,207),(0,97,154),
(0,87,154),(0,106,178),(0,128,192),(0,102,175),(0,96,165),(0,96,160),
}
{
(0,76,144),(0,105,176),(0,125,188),(0,104,174),(0,100,173),(0,92,159),
(0,106,164),(0,210,234),(0,183,220),(0,161,210),(0,180,212),(0,99,157),
(0,107,165),(0,210,234),(0,183,220),(0,161,211),(0,180,212),(0,99,157),
(0,76,143),(0,99,171),(0,124,187),(0,103,173),(0,95,164),(0,94,158),
}
{
(0,60,139),(0,95,168),(0,107,185),(0,87,174),(0,90,169),(0,73,158),
(0,97,177),(0,214,238),(0,181,227),(0,163,223),(0,184,221),(0,88,172),
(0,97,178),(0,213,237),(0,182,228),(0,163,223),(0,184,221),(0,91,171),
(0,59,138),(0,89,163),(0,107,184),(0,87,174),(0,85,160),(0,75,157),
}
{
(0,50,125),(0,96,171),(0,87,181),(0,68,165),(0,75,156),(0,56,135),
(0,94,178),(0,219,239),(0,158,226),(0,132,221),(0,157,215),(0,69,154),
(0,94,178),(0,219,239),(0,158,226),(0,132,221),(0,160,214),(0,69,155),
(0,50,125),(0,93,165),(0,87,180),(0,68,165),(0,72,151),(0,55,134),
}
{
(0,39,103),(0,54,131),(0,62,155),(0,63,159),(0,62,145),(0,48,126),
(0,105,192),(0,162,232),(0,145,236),(0,139,233),(0,148,223),(0,79,184),
(0,105,192),(0,166,233),(0,145,236),(0,139,233),(0,148,223),(0,79,183),
(0,39,102),(0,53,129),(0,61,154),(0,63,159),(0,61,143),(0,47,125),
}
{
(0,21,53),(0,28,70),(0,34,87),(0,36,90),(0,36,81),(0,29,71),
(0,61,131),(0,127,191),(0,91,172),(0,107,185),(0,116,179),(0,53,129),
(0,62,133),(0,127,191),(0,95,173),(0,107,185),(0,115,178),(0,51,129),
(0,20,53),(0,27,68),(0,33,87),(0,36,90),(0,36,80),(0,29,71),
}
{
(0,7,19),(0,10,25),(0,14,37),(0,11,31),(0,11,29),(0,8,24),
(0,42,78),(0,44,99),(0,35,88),(0,64,95),(0,61,105),(0,17,43),
(0,44,78),(0,44,99),(0,34,87),(0,65,96),(0,61,105),(0,15,44),
(0,7,19),(0,10,25),(0,13,37),(0,11,31),(0,11,29),(0,8,23),
}
{
(0,3,7),(1,4,8),(0,8,22),(0,3,9),(0,3,8),(0,2,9),
(4,12,24),(9,20,37),(6,19,40),(0,17,41),(0,14,40),(4,10,16),
(5,13,24),(9,21,37),(7,21,41),(6,21,42),(0,15,41),(4,10,15),
(1,3,8),(3,4,9),(0,7,22),(0,3,9),(2,3,9),(0,2,9),
}
{
(0,21,53),(0,23,60),(0,63,90),(0,19,50),(0,13,37),(0,10,29),
(0,17,51),(0,23,70),(0,67,88),(0,21,62),(0,18,56),(1,14,33),
(0,19,52),(0,23,69),(0,68,89),(0,23,63),(0,18,57),(4,15,33),
(0,20,53),(0,22,59),(0,63,90),(0,18,50),(0,13,36),(0,10,28),
}
{
(0,52,132),(0,59,149),(0,73,153),(0,58,120),(0,42,103),(0,43,90),
(0,57,108),(0,65,145),(0,64,139),(0,70,121),(0,59,123),(0,45,88),
(0,58,109),(0,65,145),(0,66,138),(0,70,121),(0,58,122),(0,45,88),
(0,54,131),(0,58,147),(0,76,152),(0,57,119),(0,40,98),(0,43,90),
}
{
(0,89,174),(0,108,204),(0,117,201),(0,97,178),(0,95,168),(0,86,141),
(0,94,139),(0,136,200),(0,121,192),(0,102,166),(0,127,170),(0,84,124),
(0,98,140),(0,136,200),(0,122,193),(0,102,167),(0,128,171),(0,84,124),
(0,93,175),(0,107,201),(0,117,201),(0,97,178),(0,89,162),(0,86,140),
}
{
(0,86,158),(0,112,199),(0,98,197),(0,106,194),(0,112,199),(0,103,177),
(0,105,154),(0,171,224),(0,124,202),(0,116,194),(0,134,197),(0,92,146),
(0,105,155),(0,170,223),(0,121,202),(0,116,194),(0,135,198),(0,93,147),
(0,89,158),(0,109,193),(0,98,196),(0,109,193),(0,102,193),(0,105,176),
}
{
(0,61,147),(0,94,189),(0,98,197),(0,76,184),(0,93,181),(0,65,150),
(0,74,165),(0,192,236),(0,159,223),(0,92,205),(0,150,210),(0,79,159),
(0,74,166),(0,188,236),(0,159,223),(0,91,204),(0,149,209),(0,79,159),
(0,60,145),(0,85,184),(0,98,197),(0,76,184),(0,89,179),(0,65,150),
}
{
(0,77,140),(0,66,142),(0,103,173),(0,96,171),(0,88,161),(0,91,153),
(0,110,170),(0,168,225),(0,167,223),(0,165,220),(0,159,212),(0,101,165),
(0,114,171),(0,168,225),(0,167,223),(0,164,219),(0,159,212),(0,101,165),
(0,79,140),(0,66,143),(0,102,171),(0,99,170),(0,85,155),(0,91,153),
}
{
(0,75,146),(0,95,169),(0,118,183),(0,99,170),(0,96,166),(0,82,150),
(0,98,156),(0,197,228),(0,177,217),(0,161,210),(0,180,212),(0,93,155),
(0,98,155),(0,197,228),(0,178,218),(0,164,210),(0,180,212),(0,92,154),
(0,74,145),(0,92,164),(0,118,183),(0,99,170),(0,88,157),(0,81,149),
}
{
(0,64,149),(0,101,184),(0,111,196),(0,91,183),(0,89,178),(0,77,165),
(0,96,170),(0,179,224),(0,157,220),(0,149,213),(0,164,214),(0,86,162),
(0,96,170),(0,175,224),(0,154,220),(0,149,213),(0,164,214),(0,83,162),
(0,64,149),(0,96,180),(0,111,196),(0,91,182),(0,82,170),(0,79,165),
}
{
(0,51,135),(0,99,180),(0,90,187),(0,76,184),(0,83,172),(0,59,148),
(0,70,176),(0,214,238),(0,155,228),(0,111,223),(0,148,212),(0,64,154),
(0,70,175),(0,215,239),(0,157,230),(0,112,224),(0,148,212),(0,64,154),
(0,51,135),(0,96,175),(0,87,188),(0,76,184),(0,81,169),(0,59,148),
}
{
(0,37,103),(0,56,135),(0,61,154),(0,63,158),(0,62,145),(0,47,125),
(0,105,192),(0,166,233),(0,134,230),(0,139,233),(0,148,223),(0,78,182),
(0,105,192),(0,166,233),(0,134,231),(0,139,233),(0,148,223),(0,78,182),
(0,39,103),(0,55,133),(0,59,154),(0,63,158),(0,61,143),(0,47,125),
}
{
(0,20,54),(0,28,71),(0,33,84),(0,35,89),(0,35,82),(0,28,72),
(0,61,137),(0,118,178),(0,97,177),(0,104,185),(0,117,180),(0,53,129),
(0,61,137),(0,118,178),(0,97,177),(0,104,185),(0,114,180),(0,53,128),
(0,20,53),(0,28,71),(0,33,84),(0,35,88),(0,36,81),(0,28,71),
}
{
(1,8,18),(1,11,24),(2,13,30),(2,13,29),(0,10,27),(1,10,23),
(0,26,65),(0,40,100),(0,37,89),(0,70,98),(0,64,110),(0,16,45),
(0,24,65),(0,39,99),(0,35,85),(0,69,97),(0,61,109),(0,16,45),
(0,8,18),(2,10,24),(0,11,27),(1,12,29),(0,10,27),(0,9,23),
}
{
(0,1,4),(2,4,5),(1,3,7),(0,2,6),(0,3,7),(0,2,5),
(5,13,24),(22,35,50),(16,25,34),(5,19,38),(6,19,40),(5,9,11),
(6,14,25),(17,29,47),(15,23,33),(10,23,39),(6,20,41),(5,9,12),
(1,2,4),(3,4,5),(0,2,6),(0,2,6),(1,3,7),(0,1,5),
}
{
(0,0,3),(1,2,5),(0,1,5),(0,1,5),(0,1,4),(0,0,4),
(5,10,16),(17,24,29),(13,18,21),(10,17,26),(9,15,24),(5,9,10),
(5,10,16),(16,22,29),(14,19,22),(11,19,27),(9,15,24),(6,9,11),
(1,1,3),(3,3,5),(1,2,5),(1,2,4),(2,2,4),(0,1,3),
}
{
(0,2,8),(1,2,5),(0,3,12),(0,3,9),(1,3,8),(0,2,9),
(5,12,19),(17,23,26),(11,19,27),(14,22,29),(11,17,24),(4,10,16),
(6,12,19),(16,21,25),(12,20,28),(14,22,29),(11,18,24),(5,11,16),
(1,3,8),(2,3,5),(0,4,11),(0,3,9),(2,4,7),(0,3,9),
}
{
(0,3,13),(0,5,15),(0,5,16),(0,3,10),(0,3,9),(0,2,8),
(6,11,22),(7,17,34),(8,19,31),(14,22,30),(10,18,29),(4,9,15),
(6,12,22),(9,17,35),(10,19,31),(14,22,30),(10,18,29),(5,10,16),
(0,3,12),(1,5,14),(0,5,16),(0,3,11),(2,4,10),(0,2,8),
}
{
(0,4,12),(0,4,11),(0,9,23),(0,6,17),(0,5,14),(0,6,16),
(3,13,27),(4,16,36),(6,20,41),(8,20,36),(3,16,37),(5,13,24),
(4,14,28),(8,20,37),(8,22,42),(10,20,37),(3,17,38),(6,14,24),
(1,5,13),(2,5,11),(1,8,23),(0,6,17),(2,5,13),(0,6,16),
}
{
(0,21,58),(0,20,57),(0,18,47),(0,10,32),(0,9,26),(0,7,19),
(0,14,48),(0,22,72),(0,20,58),(0,16,46),(0,15,50),(4,14,26),
(0,15,48),(0,23,73),(0,19,58),(0,15,47),(0,16,50),(4,15,26),
(0,20,57),(0,20,56),(0,18,47),(0,11,31),(0,8,25),(0,6,18),
}
{
(0,25,66),(0,14,50),(0,40,83),(0,31,73),(0,26,65),(0,33,72),
(0,42,91),(0,23,89),(0,47,102),(0,48,100),(0,44,102),(0,37,74),
(0,43,93),(0,22,89),(0,49,102),(0,47,102),(0,44,103),(0,35,74),
(0,26,66),(0,13,49),(0,39,82),(0,32,73),(0,23,58),(0,33,71),
}
{
(0,49,142),(0,53,145),(0,54,136),(0,36,99),(0,34,90),(0,30,80),
(0,44,112),(0,67,168),(0,62,155),(0,46,127),(0,62,144),(0,33,88),
(0,45,114),(0,70,168),(0,64,155),(0,45,129),(0,62,145),(0,33,88),
(0,50,143),(0,52,142),(0,54,137),(0,36,99),(0,32,84),(0,30,80),
}
{
(0,66,117),(0,68,137),(0,92,150),(0,74,128),(0,71,130),(0,76,117),
(0,89,125),(0,115,192),(0,107,170),(0,91,152),(0,105,163),(0,73,108),
(0,90,126),(0,115,192),(0,108,171),(0,91,152),(0,105,163),(0,73,108),
(0,67,116),(0,64,133),(0,94,149),(0,74,128),(0,64,120),(0,75,116),
}
{
(0,87,174),(0,107,202),(0,113,201),(0,97,177),(0,89,162),(0,79,136),
(0,96,149),(0,182,223),(0,146,205),(0,111,185),(0,141,189),(0,82,130),
(0,97,150),(0,182,223),(0,147,206),(0,111,186),(0,141,189),(0,82,130),
(0,87,175),(0,103,200),(0,113,201),(0,96,176),(0,85,155),(0,81,135),
}
{
(0,87,154),(0,109,182),(0,123,190),(0,103,173),(0,102,175),(0,95,159),
(0,108,159),(0,196,231),(0,162,212),(0,144,201),(0,162,207),(0,91,148),
(0,112,160),(0,192,231),(0,162,212),(0,144,202),(0,162,207),(0,93,147),
(0,89,153),(0,103,177),(0,122,189),(0,103,173),(0,94,167),(0,94,158),
}
{
(0,79,145),(0,103,172),(0,123,185),(0,103,172),(0,99,171),(0,96,156),
(0,111,167),(0,213,233),(0,184,221),(0,166,213),(0,181,214),(0,104,160),
(0,112,168),(0,213,233),(0,185,222),(0,166,213),(0,184,213),(0,104,160),
(0,81,144),(0,97,167),(0,123,185),(0,103,172),(0,94,162),(0,96,156),
}
{
(0,55,132),(0,83,162),(0,99,176),(0,77,160),(0,79,159),(0,67,145),
(0,83,157),(0,184,230),(0,154,211),(0,131,202),(0,151,206),(0,67,145),
(0,84,158),(0,184,230),(0,155,212),(0,134,201),(0,151,206),(0,67,145),
(0,57,132),(0,78,156),(0,99,175),(0,77,161),(0,72,150),(0,67,144),
}
{
(0,67,149),(0,87,174),(0,112,188),(0,85,171),(0,80,161),(0,66,148),
(0,95,173),(0,195,234),(0,170,223),(0,146,215),(0,163,213),(0,73,158),
(0,97,172),(0,195,234),(0,170,223),(0,149,214),(0,162,212),(0,74,159),
(0,66,148),(0,84,169),(0,111,186),(0,86,172),(0,74,154),(0,66,148),
}
{
(0,57,138),(0,85,165),(0,103,183),(0,86,173),(0,86,168),(0,70,157),
(0,97,178),(0,208,236),(0,177,226),(0,156,223),(0,178,223),(0,89,173),
(0,98,179),(0,204,236),(0,177,227),(0,159,223),(0,177,222),(0,89,173),
(0,59,137),(0,79,158),(0,103,182),(0,83,173),(0,82,159),(0,69,155),
}
{
(0,49,130),(0,65,152),(0,76,176),(0,70,168),(0,69,155),(0,60,152),
(0,103,194),(0,186,238),(0,156,234),(0,148,235),(0,161,226),(0,86,193),
(0,103,194),(0,187,239),(0,152,235),(0,149,236),(0,162,227),(0,86,193),
(0,49,130),(0,64,148),(0,78,175),(0,70,169),(0,66,148),(0,60,151),
}
{
(0,24,64),(0,39,95),(0,45,110),(0,36,99),(0,45,101),(0,29,80),
(0,61,127),(0,142,209),(0,105,187),(0,96,175),(0,129,189),(0,41,114),
(0,59,127),(0,142,209),(0,106,188),(0,97,177),(0,128,188),(0,41,113),
(0,23,64),(0,37,90),(0,44,110),(0,36,99),(0,43,97),(0,29,81),
}
{
(0,21,62),(0,31,78),(0,32,89),(0,31,87),(0,32,81),(0,27,72),
(0,76,139),(0,114,190),(0,78,168),(0,97,178),(0,101,174),(0,46,120),
(0,74,139),(0,114,191),(0,82,170),(0,98,179),(0,103,173),(0,48,120),
(0,22,62),(0,30,76),(0,33,88),(0,32,88),(0,32,80),(0,27,71),
}
{
(0,7,22),(0,12,35),(0,13,39),(0,12,34),(0,13,40),(0,9,29),
(0,27,68),(0,55,127),(0,36,92),(0,44,99),(0,50,120),(0,12,44),
(0,27,68),(0,57,128),(0,37,93),(0,46,99),(0,52,120),(0,12,45),
(0,8,22),(0,11,34),(0,12,39),(0,11,35),(0,12,38),(0,9,28),
}
{
(0,8,21),(0,10,28),(0,13,34),(0,12,33),(0,11,29),(0,10,27),
(0,38,76),(0,36,91),(0,26,69),(0,64,97),(0,57,107),(0,16,46),
(0,36,76),(0,38,92),(0,27,71),(0,66,98),(0,58,106),(0,16,46),
(0,8,21),(1,11,28),(0,12,34),(0,12,32),(0,11,29),(0,9,26),
}
{
(0,1,4),(0,4,11),(0,3,9),(0,2,5),(0,2,8),(0,1,5),
(5,11,20),(0,19,50),(9,20,33),(9,20,32),(0,15,40),(5,9,11),
(6,12,21),(0,19,52),(11,22,35),(11,21,33),(0,15,41),(6,10,11),
(1,1,4),(1,5,11),(1,3,9),(1,2,5),(1,3,9),(1,1,5),
}
{
(0,1,4),(1,3,7),(0,2,7),(0,2,6),(0,2,6),(0,1,5),
(5,13,24),(4,16,37),(10,17,25),(6,20,39),(0,14,39),(5,9,11),
(6,14,25),(5,18,38),(13,19,27),(11,24,40),(0,15,40),(6,10,12),
(1,2,4),(2,4,7),(0,2,6),(0,2,5),(1,3,6),(0,1,4),
}
{
(2,2,3),(1,2,5),(3,5,6),(3,3,5),(2,2,5),(2,2,4),
(13,17,17),(7,16,26),(19,26,29),(17,24,28),(12,20,29),(10,13,13),
(10,15,16),(9,17,27),(17,24,28),(15,23,28),(10,18,27),(9,13,13),
(1,2,2),(2,3,5),(2,3,4),(2,3,3),(2,3,4),(1,2,2),
}
{
(2,2,3),(2,2,4),(4,5,6),(2,3,4),(1,2,3),(2,2,3),
(12,17,17),(20,26,28),(27,32,33),(17,25,31),(16,24,30),(9,13,13),
(10,14,16),(17,22,26),(21,27,29),(15,24,31),(14,21,29),(9,13,13),
(2,2,2),(3,3,4),(2,3,4),(2,3,3),(2,2,3),(1,2,2),
}
{
(0,1,4),(2,3,4),(1,3,6),(0,1,5),(0,1,4),(0,0,4),
(5,8,12),(25,31,32),(18,23,26),(11,16,19),(11,16,19),(5,9,11),
(6,10,13),(19,25,28),(17,22,25),(13,18,21),(12,16,19),(6,9,11),
(1,1,3),(3,4,5),(1,2,5),(1,2,4),(2,2,3),(0,1,3),
}
{
(0,3,14),(0,3,10),(0,5,16),(0,4,12),(0,3,9),(0,3,10),
(3,10,23),(18,23,30),(11,19,29),(9,17,28),(8,15,25),(4,10,17),
(4,11,23),(16,21,28),(13,21,30),(10,19,29),(9,15,25),(5,11,17),
(0,4,14),(1,4,10),(0,5,16),(0,4,12),(1,4,9),(0,3,10),
}
{
(0,22,60),(0,20,57),(0,19,51),(0,12,35),(0,10,28),(0,9,23),
(0,17,51),(0,23,66),(0,20,57),(0,19,52),(0,19,52),(3,14,30),
(0,16,53),(0,21,65),(0,19,57),(0,18,52),(0,18,53),(3,15,30),
(0,22,60),(0,22,55),(0,19,51),(0,11,35),(0,9,26),(0,8,22),
}
{
(0,55,144),(0,43,136),(0,58,131),(0,44,99),(0,35,85),(0,39,82),
(0,56,112),(0,34,136),(0,59,132),(0,59,118),(0,53,118),(0,42,85),
(0,56,112),(0,33,135),(0,61,132),(0,58,117),(0,53,118),(0,43,86),
(0,57,144),(0,42,134),(0,58,130),(0,44,99),(0,33,80),(0,39,82),
}
{
(0,96,181),(0,106,200),(0,117,191),(0,91,157),(0,88,152),(0,84,133),
(0,97,143),(0,135,199),(0,129,190),(0,103,164),(0,128,167),(0,82,120),
(0,100,144),(0,139,199),(0,129,190),(0,105,163),(0,128,168),(0,84,120),
(0,99,181),(0,105,197),(0,117,190),(0,91,156),(0,81,144),(0,82,131),
}
{
(0,96,166),(0,116,199),(0,129,205),(0,110,189),(0,106,188),(0,100,168),
(0,110,158),(0,171,224),(0,150,210),(0,119,194),(0,133,195),(0,91,144),
(0,111,159),(0,171,224),(0,151,211),(0,119,194),(0,136,195),(0,91,144),
(0,96,165),(0,109,194),(0,129,204),(0,109,188),(0,99,181),(0,100,167),
}
{
(0,84,158),(0,113,195),(0,131,208),(0,111,196),(0,113,194),(0,100,173),
(0,106,164),(0,208,232),(0,178,219),(0,132,209),(0,161,206),(0,97,154),
(0,106,164),(0,207,231),(0,179,220),(0,135,209),(0,161,206),(0,97,154),
(0,86,157),(0,108,191),(0,131,207),(0,113,195),(0,105,187),(0,100,172),
}
{
(0,59,156),(0,99,186),(0,98,197),(0,79,183),(0,84,175),(0,68,165),
(0,82,183),(0,214,238),(0,160,224),(0,120,219),(0,150,215),(0,68,164),
(0,83,185),(0,214,238),(0,160,224),(0,120,219),(0,153,214),(0,68,164),
(0,59,155),(0,97,182),(0,98,197),(0,79,183),(0,78,169),(0,68,165),
}
{
(0,43,114),(0,90,160),(0,83,172),(0,74,173),(0,81,163),(0,55,138),
(0,90,180),(0,212,240),(0,161,231),(0,143,232),(0,167,223),(0,73,169),
(0,89,179),(0,212,240),(0,161,231),(0,142,231),(0,167,223),(0,73,169),
(0,43,113),(0,86,153),(0,83,172),(0,72,173),(0,78,157),(0,54,137),
}
{
(0,39,104),(0,56,136),(0,61,154),(0,63,159),(0,63,146),(0,47,125),
(0,105,192),(0,166,233),(0,145,236),(0,135,233),(0,148,223),(0,79,183),
(0,105,192),(0,167,234),(0,144,235),(0,139,233),(0,148,223),(0,79,183),
(0,39,103),(0,55,133),(0,61,153),(0,63,158),(0,62,144),(0,48,126),
}
{
(0,20,54),(0,28,70),(0,35,84),(0,35,89),(0,36,82),(0,28,72),
(0,61,137),(0,123,190),(0,97,177),(0,107,184),(0,117,181),(0,53,129),
(0,61,137),(0,123,190),(0,97,177),(0,104,184),(0,114,181),(0,53,128),
(0,20,53),(0,27,68),(0,33,83),(0,35,89),(0,35,82),(0,28,72),
}
{
(1,8,19),(2,11,25),(0,12,32),(1,13,30),(0,10,27),(1,10,24),
(0,26,66),(0,38,101),(0,33,83),(0,71,98),(0,64,110),(0,16,45),
(0,26,66),(0,38,100),(0,32,81),(0,68,98),(0,63,109),(0,17,45),
(0,8,18),(2,11,24),(0,11,30),(1,12,29),(0,10,28),(0,9,23),
}
{
(0,1,4),(0,2,5),(0,6,16),(0,2,6),(0,3,7),(0,1,5),
(5,13,24),(13,26,43),(13,26,41),(5,19,38),(6,19,40),(5,9,11),
(6,14,25),(9,23,42),(13,25,40),(10,23,39),(5,20,40),(6,10,12),
(1,2,4),(2,3,6),(0,5,14),(0,2,5),(1,3,6),(0,1,5),
}
{
(0,2,11),(0,3,13),(0,21,53),(0,3,12),(0,3,9),(0,2,9),
(3,10,22),(15,24,37),(0,31,66),(6,16,32),(8,15,27),(4,10,15),
(4,11,22),(14,21,36),(0,32,67),(9,18,33),(8,15,27),(5,10,15),
(0,3,11),(1,4,12),(0,22,52),(0,3,11),(1,4,9),(0,2,8),
}
{
(0,20,54),(0,24,62),(0,65,93),(0,19,52),(0,14,39),(0,11,29),
(0,19,51),(0,26,73),(0,69,92),(0,24,61),(0,19,58),(0,14,32),
(0,19,52),(0,26,73),(0,69,92),(0,23,61),(0,19,58),(3,15,32),
(0,21,55),(0,23,62),(0,64,92),(0,18,51),(0,13,36),(0,10,29),
}
{
(0,56,136),(0,60,150),(0,73,153),(0,58,122),(0,42,103),(0,43,91),
(0,58,114),(0,65,146),(0,67,139),(0,70,125),(0,59,123),(0,44,88),
(0,61,115),(0,63,146),(0,67,140),(0,72,124),(0,59,123),(0,44,89),
(0,57,137),(0,58,147),(0,74,154),(0,58,122),(0,40,98),(0,43,91),
}
{
(0,95,179),(0,108,204),(0,117,202),(0,99,181),(0,95,169),(0,87,142),
(0,101,145),(0,137,201),(0,122,193),(0,107,170),(0,129,172),(0,83,125),
(0,102,147),(0,137,201),(0,122,194),(0,107,170),(0,129,172),(0,85,125),
(0,96,180),(0,103,201),(0,114,202),(0,99,181),(0,86,163),(0,86,141),
}
{
(0,92,163),(0,118,198),(0,131,207),(0,113,194),(0,109,194),(0,103,173),
(0,112,160),(0,172,225),(0,151,212),(0,121,197),(0,134,197),(0,93,147),
(0,112,160),(0,171,224),(0,151,212),(0,121,197),(0,134,197),(0,92,146),
(0,95,163),(0,109,194),(0,131,207),(0,112,193),(0,100,188),(0,103,172),
}
{
(0,87,159),(0,111,185),(0,126,195),(0,103,178),(0,101,174),(0,96,160),
(0,116,175),(0,215,235),(0,185,223),(0,133,211),(0,165,207),(0,99,157),
(0,117,176),(0,214,234),(0,185,223),(0,134,212),(0,162,208),(0,98,156),
(0,89,158),(0,105,180),(0,126,194),(0,106,177),(0,96,166),(0,95,159),
}
{
(0,78,147),(0,102,176),(0,125,188),(0,105,175),(0,101,174),(0,92,159),
(0,109,168),(0,210,234),(0,183,220),(0,166,212),(0,181,213),(0,100,159),
(0,109,168),(0,210,234),(0,184,221),(0,166,212),(0,180,212),(0,100,158),
(0,77,146),(0,99,171),(0,125,188),(0,104,174),(0,96,165),(0,92,159),
}
{
(0,61,141),(0,92,169),(0,108,186),(0,87,175),(0,90,170),(0,73,158),
(0,99,180),(0,213,237),(0,181,227),(0,163,223),(0,181,222),(0,88,172),
(0,102,180),(0,214,238),(0,182,228),(0,163,223),(0,181,222),(0,88,172),
(0,61,141),(0,89,163),(0,107,185),(0,87,175),(0,85,161),(0,73,158),
}
{
(0,49,128),(0,96,170),(0,84,174),(0,70,163),(0,75,156),(0,55,134),
(0,92,179),(0,218,238),(0,155,222),(0,131,219),(0,157,215),(0,69,154),
(0,93,181),(0,219,239),(0,159,222),(0,131,219),(0,157,215),(0,69,154),
(0,49,128),(0,94,166),(0,83,173),(0,70,163),(0,73,152),(0,55,134),
}
{
(0,39,103),(0,56,135),(0,61,154),(0,63,159),(0,62,145),(0,48,126),
(0,105,192),(0,167,234),(0,145,236),(0,135,233),(0,148,223),(0,76,184),
(0,105,192),(0,167,234),(0,144,235),(0,139,233),(0,148,223),(0,79,183),
(0,39,104),(0,55,134),(0,61,154),(0,63,159),(0,61,143),(0,48,126),
}
{
(0,21,53),(0,27,69),(0,34,85),(0,36,90),(0,36,82),(0,28,72),
(0,60,135),(0,124,191),(0,97,177),(0,107,184),(0,117,181),(0,53,129),
(0,61,136),(0,123,190),(0,96,176),(0,104,184),(0,114,180),(0,52,127),
(0,20,53),(0,27,68),(0,33,84),(0,35,88),(0,36,81),(0,28,72),
}
{
(1,8,19),(2,11,24),(0,12,31),(1,13,30),(0,10,27),(1,10,23),
(0,25,61),(0,40,102),(0,32,82),(0,71,98),(0,64,110),(0,18,46),
(0,25,62),(0,38,101),(0,33,81),(0,69,97),(0,63,108),(0,17,45),
(0,7,18),(2,11,25),(0,11,30),(1,12,29),(0,10,27),(0,9,22),
}
{
(0,1,4),(1,2,5),(0,6,16),(0,2,6),(0,3,6),(0,2,5),
(5,13,24),(11,25,44),(13,26,42),(5,19,38),(5,19,40),(5,9,12),
(6,14,25),(9,23,42),(12,24,41),(10,23,39),(6,19,40),(5,10,12),
(1,1,4),(2,3,6),(0,5,15),(0,2,6),(1,3,6),(0,1,5),
}
{
(0,2,11),(0,3,13),(0,22,53),(0,3,12),(0,3,9),(0,2,9),
(3,10,21),(16,24,38),(0,32,67),(7,17,31),(7,14,28),(4,10,15),
(4,10,21),(14,22,36),(0,32,67),(9,18,32),(9,16,28),(5,10,16),
(0,2,11),(0,4,12),(0,22,53),(0,3,12),(1,4,9),(0,2,8),
}
{
(0,20,52),(0,23,61),(0,63,91),(0,18,49),(0,14,39),(0,11,29),
(0,18,49),(0,25,73),(0,67,90),(0,22,58),(0,19,58),(3,15,32),
(0,18,49),(0,24,71),(0,68,91),(0,23,58),(0,19,58),(4,15,32),
(0,19,51),(0,23,60),(0,63,91),(0,17,49),(0,12,37),(0,11,28),
}
{
(0,52,130),(0,59,148),(0,73,152),(0,56,117),(0,43,101),(0,43,90),
(0,55,104),(0,64,143),(0,64,138),(0,68,118),(0,60,121),(0,44,87),
(0,55,104),(0,64,144),(0,66,138),(0,68,118),(0,60,121),(0,44,87),
(0,51,128),(0,58,147),(0,73,152),(0,56,117),(0,40,97),(0,44,89),
}
{
(0,88,172),(0,107,202),(0,115,204),(0,94,178),(0,92,169),(0,86,140),
(0,91,134),(0,136,200),(0,122,194),(0,102,166),(0,126,172),(0,84,123),
(0,91,134),(0,136,200),(0,122,194),(0,102,166),(0,126,173),(0,84,123),
(0,88,171),(0,103,200),(0,114,202),(0,94,178),(0,89,162),(0,88,139),
}
{
(0,86,158),(0,115,198),(0,131,208),(0,108,192),(0,109,194),(0,102,171),
(0,103,152),(0,176,225),(0,153,214),(0,119,194),(0,135,198),(0,94,145),
(0,104,153),(0,176,225),(0,156,214),(0,120,195),(0,135,198),(0,94,145),
(0,87,155),(0,109,193),(0,131,208),(0,108,191),(0,99,187),(0,104,170),
}
{
(0,84,154),(0,110,184),(0,129,194),(0,103,177),(0,102,176),(0,95,159),
(0,113,170),(0,219,235),(0,192,227),(0,133,211),(0,169,212),(0,98,156),
(0,113,170),(0,219,235),(0,196,227),(0,133,211),(0,169,212),(0,99,157),
(0,83,152),(0,107,179),(0,129,194),(0,102,176),(0,97,167),(0,95,159),
}
{
(0,76,143),(0,103,177),(0,116,189),(0,101,174),(0,103,177),(0,96,160),
(0,103,163),(0,213,237),(0,186,224),(0,159,212),(0,180,217),(0,100,163),
(0,105,163),(0,212,236),(0,186,224),(0,159,212),(0,179,215),(0,103,163),
(0,75,141),(0,99,170),(0,115,188),(0,103,173),(0,97,167),(0,95,159),
}
{
(0,57,138),(0,87,169),(0,108,186),(0,87,175),(0,91,171),(0,74,159),
(0,97,178),(0,216,240),(0,193,232),(0,164,224),(0,182,223),(0,91,178),
(0,97,178),(0,216,240),(0,193,232),(0,167,223),(0,182,223),(0,92,179),
(0,59,137),(0,83,162),(0,107,185),(0,87,175),(0,86,163),(0,73,158),
}
{
(0,51,128),(0,98,173),(0,91,183),(0,69,167),(0,77,160),(0,53,134),
(0,94,183),(0,226,243),(0,173,231),(0,133,223),(0,162,222),(0,73,163),
(0,94,183),(0,226,243),(0,173,231),(0,133,223),(0,162,222),(0,73,163),
(0,51,128),(0,95,168),(0,91,183),(0,71,165),(0,74,155),(0,55,134),
}
{
(0,39,103),(0,54,131),(0,61,154),(0,63,159),(0,67,149),(0,48,127),
(0,106,193),(0,174,238),(0,142,231),(0,146,232),(0,170,232),(0,85,191),
(0,106,193),(0,174,238),(0,142,231),(0,147,233),(0,170,232),(0,85,191),
(0,39,102),(0,53,128),(0,61,153),(0,63,159),(0,66,147),(0,48,127),
}
{
(0,21,54),(0,29,73),(0,34,86),(0,36,92),(0,36,84),(0,29,71),
(0,57,127),(0,125,193),(0,103,183),(0,109,188),(0,128,193),(0,57,138),
(0,55,128),(0,125,193),(0,103,182),(0,109,188),(0,128,192),(0,59,137),
(0,20,54),(0,27,73),(0,32,85),(0,36,91),(0,37,83),(0,28,71),
}
{
(1,8,18),(0,9,25),(3,14,30),(0,12,31),(0,10,28),(1,10,24),
(0,22,57),(0,40,111),(0,36,94),(0,66,100),(0,63,123),(0,19,53),
(0,21,57),(0,41,109),(0,34,91),(0,64,99),(0,63,122),(0,20,53),
(0,7,18),(1,10,24),(1,11,28),(0,12,30),(0,10,28),(0,9,23),
}
{
(0,1,4),(2,3,5),(0,6,16),(0,2,6),(0,3,6),(0,1,5),
(5,13,23),(23,35,47),(13,26,42),(9,21,38),(6,20,41),(5,9,13),
(6,13,24),(16,29,43),(13,23,40),(10,22,39),(6,20,41),(6,10,13),
(1,2,4),(2,3,5),(0,5,14),(0,2,6),(1,3,6),(0,1,5),
}
{
(0,2,12),(0,4,12),(0,4,14),(0,3,10),(0,2,8),(0,2,8),
(3,9,21),(16,25,36),(12,20,28),(7,16,29),(8,15,27),(4,10,15),
(4,10,21),(15,23,34),(13,20,28),(9,18,30),(8,16,27),(5,10,15),
(0,3,12),(0,4,12),(0,4,13),(0,3,10),(1,3,8),(1,3,8),
}
{
(0,19,52),(0,22,58),(0,64,92),(0,18,50),(0,13,39),(0,11,29),
(0,18,49),(0,23,67),(0,66,91),(0,23,59),(0,19,58),(3,15,32),
(0,18,49),(0,24,66),(0,66,91),(0,22,59),(0,19,58),(1,14,33),
(0,20,53),(0,22,58),(0,63,91),(0,17,49),(0,12,37),(0,11,29),
}
{
(0,52,137),(0,52,138),(0,58,131),(0,42,95),(0,36,84),(0,39,82),
(0,49,103),(0,58,141),(0,59,132),(0,57,112),(0,54,116),(0,42,85),
(0,49,103),(0,58,141),(0,59,132),(0,57,112),(0,54,116),(0,42,85),
(0,52,136),(0,52,137),(0,58,129),(0,42,94),(0,32,78),(0,39,81),
}
{
(0,88,171),(0,107,202),(0,114,202),(0,97,177),(0,92,169),(0,86,140),
(0,91,134),(0,136,200),(0,122,193),(0,102,166),(0,126,172),(0,85,122),
(0,91,134),(0,136,200),(0,122,194),(0,101,165),(0,126,173),(0,84,123),
(0,88,171),(0,103,200),(0,114,202),(0,94,177),(0,86,163),(0,86,140),
}
{
(0,89,158),(0,116,200),(0,132,209),(0,109,193),(0,110,195),(0,102,170),
(0,103,152),(0,176,225),(0,153,214),(0,120,196),(0,134,197),(0,93,144),
(0,104,153),(0,176,225),(0,156,214),(0,120,195),(0,135,198),(0,93,144),
(0,88,156),(0,110,195),(0,132,209),(0,108,192),(0,100,188),(0,102,170),
}
{
(0,84,154),(0,111,185),(0,127,196),(0,106,177),(0,106,177),(0,96,160),
(0,110,166),(0,218,234),(0,191,225),(0,131,208),(0,168,211),(0,100,155),
(0,113,166),(0,218,234),(0,195,225),(0,132,209),(0,168,211),(0,100,155),
(0,86,152),(0,108,180),(0,130,196),(0,103,177),(0,98,168),(0,97,158),
}
{
(0,73,143),(0,103,177),(0,126,189),(0,104,174),(0,102,176),(0,95,159),
(0,103,164),(0,217,237),(0,189,223),(0,162,212),(0,179,215),(0,103,164),
(0,106,164),(0,217,237),(0,191,225),(0,162,212),(0,180,217),(0,101,164),
(0,75,141),(0,99,170),(0,126,189),(0,104,174),(0,96,166),(0,94,158),
}
{
(0,60,139),(0,96,170),(0,98,185),(0,93,176),(0,94,172),(0,76,159),
(0,100,177),(0,220,241),(0,180,231),(0,171,224),(0,186,224),(0,98,179),
(0,100,178),(0,220,240),(0,184,231),(0,171,224),(0,186,224),(0,98,179),
(0,61,137),(0,90,164),(0,98,185),(0,93,175),(0,90,164),(0,79,158),
}
{
(0,50,126),(0,79,164),(0,91,183),(0,69,167),(0,77,161),(0,54,136),
(0,93,180),(0,203,239),(0,173,231),(0,133,223),(0,162,222),(0,73,164),
(0,93,181),(0,202,238),(0,174,232),(0,137,223),(0,162,222),(0,73,163),
(0,50,125),(0,76,158),(0,91,183),(0,69,166),(0,75,156),(0,54,136),
}
{
(0,39,104),(0,55,134),(0,62,156),(0,64,160),(0,66,148),(0,48,126),
(0,106,194),(0,178,238),(0,153,236),(0,147,233),(0,169,231),(0,85,190),
(0,106,194),(0,175,239),(0,149,236),(0,147,233),(0,170,232),(0,85,189),
(0,40,105),(0,54,131),(0,64,155),(0,63,159),(0,65,146),(0,48,126),
}
{
(0,20,54),(0,28,70),(0,33,88),(0,37,90),(0,37,84),(0,28,71),
(0,55,127),(0,132,198),(0,99,176),(0,110,189),(0,128,193),(0,59,138),
(0,55,128),(0,132,198),(0,100,177),(0,109,187),(0,128,193),(0,57,138),
(0,20,54),(0,27,69),(0,34,86),(0,37,91),(0,37,84),(0,28,71),
}
{
(0,7,19),(0,9,25),(0,12,38),(0,11,31),(0,11,30),(0,8,24),
(0,41,80),(0,45,114),(0,34,93),(0,62,98),(0,60,120),(0,18,52),
(0,39,79),(0,46,112),(0,34,93),(0,61,99),(0,60,120),(0,17,52),
(0,7,19),(0,9,25),(0,13,37),(0,11,30),(0,11,30),(0,8,23),
}
{
(0,2,7),(0,4,8),(0,8,22),(0,3,9),(0,3,8),(0,2,8),
(4,12,23),(9,20,37),(6,20,40),(5,19,40),(0,15,41),(4,10,17),
(5,13,24),(9,21,38),(7,21,41),(6,21,41),(0,16,42),(5,11,17),
(1,3,8),(2,4,9),(0,8,22),(0,3,9),(1,4,9),(1,3,9),
}
{
(0,19,52),(0,22,59),(0,63,90),(0,18,48),(0,13,37),(0,10,29),
(0,17,49),(0,25,69),(0,65,87),(0,22,61),(0,18,57),(3,15,32),
(0,18,50),(0,23,68),(0,66,88),(0,22,62),(0,18,57),(4,16,33),
(0,19,52),(0,22,59),(0,62,89),(0,18,50),(0,12,35),(0,10,28),
}
{
(0,51,129),(0,59,148),(0,73,153),(0,56,117),(0,43,101),(0,44,89),
(0,55,104),(0,62,144),(0,66,138),(0,71,119),(0,60,121),(0,45,88),
(0,55,104),(0,64,144),(0,66,138),(0,69,119),(0,58,121),(0,44,87),
(0,51,128),(0,58,146),(0,75,151),(0,56,117),(0,40,97),(0,44,89),
}
{
(0,88,172),(0,107,202),(0,114,202),(0,97,178),(0,95,168),(0,88,140),
(0,91,134),(0,136,200),(0,122,193),(0,102,166),(0,126,172),(0,84,123),
(0,91,134),(0,136,200),(0,122,194),(0,102,166),(0,126,173),(0,84,123),
(0,88,171),(0,103,200),(0,114,202),(0,97,177),(0,89,162),(0,88,139),
}
{
(0,85,156),(0,115,198),(0,98,196),(0,106,194),(0,113,200),(0,105,176),
(0,100,151),(0,175,224),(0,126,205),(0,117,196),(0,135,199),(0,93,147),
(0,100,151),(0,172,225),(0,125,204),(0,117,195),(0,135,199),(0,93,147),
(0,87,155),(0,106,194),(0,98,196),(0,109,193),(0,103,194),(0,105,176),
}
{
(0,60,146),(0,95,190),(0,99,198),(0,80,185),(0,95,185),(0,65,150),
(0,74,165),(0,197,237),(0,168,225),(0,97,208),(0,156,214),(0,74,155),
(0,74,166),(0,193,237),(0,168,224),(0,97,208),(0,157,215),(0,74,154),
(0,60,145),(0,89,185),(0,98,197),(0,77,185),(0,91,182),(0,64,149),
}
{
(0,76,139),(0,68,146),(0,102,175),(0,99,171),(0,89,163),(0,91,152),
(0,107,166),(0,171,228),(0,168,225),(0,161,215),(0,164,219),(0,100,168),
(0,107,166),(0,170,227),(0,171,224),(0,162,217),(0,163,218),(0,103,168),
(0,77,137),(0,68,146),(0,104,174),(0,99,170),(0,86,158),(0,93,151),
}
{
(0,58,120),(0,82,150),(0,113,174),(0,95,164),(0,96,166),(0,83,148),
(0,90,147),(0,194,233),(0,178,218),(0,161,211),(0,181,214),(0,96,160),
(0,93,147),(0,193,232),(0,179,220),(0,161,210),(0,181,214),(0,95,159),
(0,60,117),(0,76,144),(0,112,173),(0,95,164),(0,91,156),(0,81,148),
}
{
(0,55,134),(0,109,187),(0,126,199),(0,75,167),(0,83,167),(0,55,132),
(0,71,154),(0,190,233),(0,165,220),(0,126,200),(0,166,213),(0,73,153),
(0,74,154),(0,186,233),(0,166,222),(0,122,199),(0,163,213),(0,71,153),
(0,55,133),(0,102,181),(0,128,198),(0,74,166),(0,78,163),(0,54,130),
}
{
(0,60,145),(0,77,166),(0,91,190),(0,88,189),(0,84,175),(0,75,168),
(0,91,190),(0,169,231),(0,171,234),(0,138,230),(0,153,225),(0,80,173),
(0,91,189),(0,169,231),(0,170,233),(0,136,228),(0,153,225),(0,80,173),
(0,60,144),(0,77,166),(0,94,189),(0,87,188),(0,82,171),(0,75,167),
}
{
(0,43,109),(0,85,155),(0,117,186),(0,72,168),(0,81,158),(0,49,124),
(0,99,176),(0,211,244),(0,192,240),(0,150,231),(0,184,230),(0,82,176),
(0,99,176),(0,210,243),(0,192,240),(0,154,232),(0,184,230),(0,82,176),
(0,43,109),(0,81,149),(0,117,185),(0,72,167),(0,77,154),(0,48,122),
}
{
(0,78,142),(0,84,159),(0,102,171),(0,92,163),(0,80,155),(0,92,150),
(0,110,170),(0,155,222),(0,137,211),(0,159,217),(0,169,212),(0,112,177),
(0,113,170),(0,155,222),(0,140,211),(0,159,217),(0,169,212),(0,112,177),
(0,79,140),(0,86,158),(0,103,172),(0,94,162),(0,75,147),(0,91,149),
}
{
(0,60,106),(0,77,133),(0,72,140),(0,84,141),(0,89,149),(0,85,132),
(0,86,124),(0,171,194),(0,130,186),(0,115,169),(0,158,190),(0,87,125),
(0,88,124),(0,172,195),(0,130,187),(0,115,169),(0,158,190),(0,86,126),
(0,61,105),(0,73,126),(0,69,139),(0,83,139),(0,83,139),(0,85,131),
}
{
(0,33,87),(0,65,127),(0,66,132),(0,48,116),(0,54,117),(0,37,93),
(0,60,130),(0,132,198),(0,102,171),(0,96,161),(0,118,174),(0,41,104),
(0,58,131),(0,132,198),(0,106,172),(0,96,161),(0,118,174),(0,42,105),
(0,32,86),(0,59,119),(0,65,131),(0,47,115),(0,51,111),(0,37,93),
}
{
(0,49,147),(0,65,171),(0,91,183),(0,52,150),(0,50,122),(0,32,85),
(0,44,142),(0,117,201),(0,133,200),(0,64,176),(0,83,161),(0,38,96),
(0,45,143),(0,117,201),(0,134,201),(0,67,175),(0,83,162),(0,38,96),
(0,48,146),(0,65,171),(0,91,183),(0,54,149),(0,50,120),(0,33,84),
}
{
(0,66,118),(0,68,133),(0,93,155),(0,88,152),(0,81,148),(0,87,142),
(0,97,146),(0,139,194),(0,136,195),(0,151,202),(0,150,200),(0,98,156),
(0,98,147),(0,138,193),(0,136,195),(0,154,202),(0,150,200),(0,98,155),
(0,67,116),(0,68,133),(0,92,154),(0,91,152),(0,76,139),(0,87,142),
}
{
(0,38,100),(0,84,153),(0,76,158),(0,62,151),(0,79,158),(0,47,124),
(0,74,154),(0,136,204),(0,116,212),(0,123,211),(0,168,220),(0,63,152),
(0,72,155),(0,134,202),(0,116,212),(0,123,211),(0,167,219),(0,65,152),
(0,37,99),(0,78,147),(0,76,159),(0,62,150),(0,73,153),(0,49,124),
}
{
(0,30,76),(0,43,96),(0,40,96),(0,32,82),(0,29,74),(0,32,75),
(0,45,105),(0,72,151),(0,65,141),(0,40,110),(0,47,113),(0,51,99),
(0,44,103),(0,70,150),(0,62,138),(0,38,111),(0,46,112),(0,52,98),
(0,30,75),(0,43,96),(0,40,96),(0,31,82),(0,29,74),(0,32,76),
}
{
(0,18,46),(0,23,59),(0,31,78),(0,36,92),(0,39,85),(0,27,71),
(0,37,93),(0,135,193),(0,96,170),(0,60,158),(0,97,162),(0,40,100),
(0,34,93),(0,134,192),(0,94,167),(0,60,157),(0,95,164),(0,37,99),
(0,18,45),(0,23,60),(0,30,77),(0,36,92),(0,40,84),(0,28,71),
}
{
(0,14,37),(0,18,44),(0,22,56),(0,24,60),(0,19,50),(0,18,47),
(0,53,115),(0,77,150),(0,69,154),(0,92,158),(0,94,149),(0,39,98),
(0,52,117),(0,75,150),(0,66,153),(0,91,157),(0,90,147),(0,38,97),
(0,13,36),(0,17,44),(0,20,54),(0,23,59),(0,19,50),(0,18,46),
}
#====================================================================
